5, 4.7090,28.6376,3.2745
6, 4.9950,22.7964,6.2349
7, 4.5870,25.6080,5.5768
12, 4.1000,30.7601,2.8490
15, 4.9680,39.2209,5.6703
17, 2.7160,45.8211,4.1591
18, 4.9190,50.0910,3.4341
21, 4.3530,54.4655,0.4595
27, 0.0000,65.1748,3.8105
29, 3.8880,61.0446,6.0374
33, 4.6200,74.8861,1.7393
37, 3.6380,73.0573,5.6336
38, 3.2220,72.7182,6.9903
40, 4.8370,81.4361,1.8603
41, 4.6200,78.5739,2.8802
43, 4.9510,80.9607,3.5591
44, 4.5740,81.9609,3.1086
48, 4.9090,88.3596,1.8566
53, 4.5030,85.0499,4.1289
54, 4.4390,82.9529,5.9593
63, 4.4230,96.1964,4.5801
66, 4.5930,102.2153,2.3885
69, 4.4860,98.4854,7.3161
82, 4.5240,120.8157,2.2792
85, 4.2480,131.0568,3.3278
86, 4.5770,129.9398,3.2721
89, 4.1320,129.6683,5.6349
90, 3.4880,131.9490,6.3466
91, 4.3320,132.3621,5.7651
92, 3.2100,134.1021,5.8704
93, 3.8530,138.8399,2.2329
97, 4.8180,144.8651,4.5608
106, 4.9680,165.3878,3.5119
108, 4.9980,165.4361,5.9958
109, 4.6600,166.5035,7.2298
110, 4.0310,170.5321,5.9213
111, 3.6490,177.9202,1.6548
114, 4.2090,176.7120,6.4196
116, 4.6580,180.4642,6.5041
119, 3.5770,194.1456,3.2892
122, 4.9760,199.6438,5.3641
125, 4.9160,203.7764,3.5556
127, 4.2500,210.6565,1.4463
128, 4.9640,213.3096,2.3136
131, 3.7160,221.8057,1.8058
137, 4.5130,225.9682,2.0092
142, 3.7140,237.9431,4.4121
143, 4.4820,236.8457,7.2858
144, 4.8580,245.7621,0.9755
151, 4.1470,247.9706,1.9341
159, 4.4960,261.8674,4.1144
163, 3.7370,267.2139,2.6909
164, 2.8790,266.1055,4.5489
166, 4.4320,270.6815,1.2950
168, 3.9590,270.4015,2.9209
169, 4.2170,271.6053,2.4914
172, 4.9570,275.4567,3.3757
173, 4.7420,270.3039,4.3578
177, 4.9960,281.4502,2.0694
179, 4.5920,284.2934,4.2180
180, 4.9300,284.2994,4.2165
185, 4.7290,291.8743,0.3662
187, 3.3900,291.6155,3.1420
192, 4.0580,298.3622,1.0442
195, 4.5760,293.7553,7.4098
196, 3.8070,299.0634,6.4464
203, 3.9930,319.1954,5.3168
211, 4.7600,336.5638,1.4642
214, 4.9060,337.2074,4.7830
220, 4.9230,351.9785,1.3512
221, 4.4610,346.2131,3.9132
222, 3.7980,349.5357,3.3770
223, 4.3940,352.2360,6.4747
227, 4.5140,355.7576,1.8767
230, 4.1760,355.2328,5.7228
232, 4.0600,360.0736,6.9606
237, 4.5940,12.4192,7.6810
239, 4.3640,15.9855,7.9848
242, 4.3680,26.6016,9.2463
245, 4.4530,33.5046,8.9295
246, 4.2610,37.2949,8.5391
251, 4.3050,41.4936,10.1886
253, 3.7050,51.4621,9.0909
257, 4.2460,52.9831,12.9966
261, 3.3880,60.4361,12.5393
263, 4.2670,64.1442,8.9356
268, 4.2720,69.1771,10.1958
272, 4.7940,66.9228,14.7526
274, 4.6700,68.7340,14.8802
278, 4.3430,72.9146,8.9289
281, 4.6590,73.9879,10.1777
282, 4.2770,69.8071,12.5448
286, 4.9410,73.4047,14.2785
287, 4.2000,74.3630,13.5408
290, 4.1870,84.4897,9.2991
293, 3.5090,84.0488,9.9434
294, 4.3670,83.9687,9.4989
301, 4.1520,90.8597,9.6442
302, 4.8650,87.6568,12.6540
308, 4.3710,92.1668,14.7631
313, 4.4130,93.2577,14.2014
319, 4.9230,102.0936,8.0139
322, 4.6420,100.5082,9.8752
326, 3.3770,101.5918,12.8731
327, 4.6180,101.2675,13.2061
329, 4.7510,103.9311,13.1512
332, 4.4800,112.3025,8.8843
334, 4.6760,112.7159,11.9646
341, 3.6840,124.3893,9.1245
349, 4.2680,134.8841,11.7815
354, 3.5620,145.5448,9.8031
359, 4.8590,150.3067,7.9501
360, 4.5320,152.2311,9.9015
365, 3.8060,158.4558,9.2054
374, 4.0560,171.2305,10.4213
377, 4.8640,176.5683,8.1484
380, 4.2120,181.5480,8.6227
384, 4.8770,190.7139,10.1263
387, 2.9170,195.7849,10.8515
402, 4.9730,220.6474,8.0734
405, 4.4640,220.5167,13.6398
406, 4.5540,220.5167,13.6398
409, 4.1710,233.9314,10.4674
417, 0.0000,248.5341,11.4630
419, 4.5650,246.5760,13.9811
421, 3.3100,254.6462,9.3364
422, 4.3470,253.7299,10.1252
425, 4.8890,256.5679,12.7055
428, 3.4800,258.8815,14.3592
431, 4.7450,272.0557,8.7263
435, 0.0000,284.3348,9.9707
441, 2.9580,286.5737,13.8820
444, 4.8240,298.7940,8.5007
445, 2.8610,296.7930,10.6493
452, 0.0000,302.2913,7.9533
459, 4.6600,309.0510,14.7293
460, 3.6770,309.6113,14.6511
464, 4.7030,317.8179,10.1988
465, 4.5440,318.8533,10.0755
471, 4.7890,335.6149,12.2912
474, 4.9020,344.0480,8.9081
475, 4.2510,341.9113,12.2636
477, 4.7150,346.9925,9.5030
484, 4.6380,352.5312,12.8564
491, 4.9830,3.8982,20.3041
500, 3.7120,23.1275,15.4367
507, 4.7710,18.1209,21.1284
523, 4.4520,48.1809,19.7931
529, 4.8670,49.0013,21.1097
536, 4.4630,61.4568,22.1294
539, 3.7500,65.2207,15.6691
542, 4.7850,67.9142,16.2311
543, 3.9360,67.4172,16.0001
544, 3.4070,67.4390,15.9088
547, 4.5040,66.8592,15.6572
549, 4.6860,70.0928,15.9515
551, 3.8600,66.0098,17.5827
552, 4.8100,66.3000,17.4839
553, 4.2620,66.6494,17.9671
554, 4.9470,64.5966,20.6211
555, 3.6350,67.4337,19.2183
560, 4.2150,66.6276,22.3331
566, 4.8500,77.6994,15.6177
567, 4.6520,76.4164,15.4268
569, 4.9860,77.1430,18.6666
572, 4.6330,76.0602,21.6133
577, 4.8160,85.6010,16.5405
581, 4.6390,83.3342,18.6047
586, 4.8440,82.1967,21.9495
588, 4.9230,93.2902,16.1229
591, 4.4620,88.8807,20.2767
592, 4.6620,91.2646,20.1346
598, 4.1020,97.5255,20.1970
603, 3.5750,109.7988,16.5035
605, 4.0500,106.3113,20.5395
625, 4.0480,131.4436,18.0829
627, 4.6540,131.0991,21.3976
631, 4.8340,155.1966,19.3723
633, 4.4050,165.8385,20.0740
635, 3.3040,168.8124,15.3223
640, 4.5850,177.2449,20.1091
642, 4.8350,185.4227,17.6827
649, 4.9220,194.9693,17.3015
650, 4.4270,197.7337,17.4226
652, 4.5360,207.0477,17.3558
653, 4.2100,207.6018,15.6972
657, 4.9810,215.1668,16.2129
661, 4.7100,221.5352,16.8770
662, 4.8770,220.4084,16.3297
669, 3.6530,236.7690,15.3544
670, 4.5130,235.6034,19.6013
672, 4.2730,237.4023,18.0752
673, 4.9140,238.0282,20.9124
691, 4.8060,270.2281,16.7400
696, 4.8520,270.5811,21.5856
702, 4.3190,272.3958,20.8076
704, 3.9750,276.1289,21.7695
705, 4.1290,285.1243,15.0842
706, 4.3560,281.9668,18.1918
709, 4.2430,281.6229,20.5560
714, 4.4580,295.2385,18.0473
715, 4.4880,295.4775,17.5098
718, 4.9740,293.8558,19.8045
719, 4.7390,289.2605,21.4136
724, 4.9540,303.7906,15.2448
725, 3.9560,297.0609,18.5707
729, 3.6680,299.9020,19.5332
732, 4.4530,311.0890,15.1327
733, 4.3560,311.8876,16.1835
737, 4.7980,309.8447,21.2575
740, 4.4540,326.3549,17.4272
741, 4.2000,320.7430,19.8753
758, 4.4990,14.5579,23.5129
759, 4.4400,9.8934,29.4084
761, 4.7860,18.6975,24.6771
763, 4.7530,20.1298,27.3568
765, 4.8020,29.7499,23.6822
770, 3.4570,28.5436,29.6658
774, 4.6240,41.1443,27.7821
781, 3.5790,42.7778,27.3336
784, 4.6390,42.2618,29.3208
786, 4.6390,50.3749,29.1120
787, 3.8490,56.7419,24.4224
790, 3.6010,57.5756,24.1068
791, 4.1520,56.8661,24.0027
796, 4.2720,56.5874,24.5221
801, 4.3030,66.8632,22.8525
807, 4.2390,70.8491,22.9892
813, 0.0000,80.0973,23.6622
818, 4.9870,87.5482,24.5704
819, 4.8060,89.7960,25.9528
821, 4.5500,88.6331,27.6133
825, 4.4340,94.1502,29.4891
831, 3.1380,101.2779,25.1092
837, 3.6620,116.4015,24.3499
841, 3.8880,111.7303,27.7578
843, 4.2270,114.2765,26.8511
844, 4.3690,116.1270,28.8358
848, 4.9770,118.6675,26.7139
855, 4.1260,131.9642,28.6878
858, 4.5990,141.4435,26.0978
860, 4.4750,143.2038,22.8814
861, 3.0420,146.7356,23.6838
863, 4.0130,148.4652,25.9147
870, 4.4770,164.1636,24.6448
873, 4.7400,169.0568,22.9881
879, 4.8590,185.8681,25.7360
882, 4.7730,188.9533,22.5195
884, 4.4660,186.9746,28.1584
885, 4.9480,186.8410,27.1582
886, 4.9710,186.9879,26.7157
890, 4.9990,193.1599,27.4321
891, 4.3040,198.1980,27.7717
892, 4.9520,197.0262,27.5176
897, 4.8680,212.8203,24.9954
899, 2.5780,221.4583,26.9868
901, 4.9650,225.7386,24.9258
902, 4.5010,218.8793,29.6548
904, 4.9740,227.0360,24.7885
905, 4.6530,226.3191,26.8660
910, 3.6720,232.1575,29.0318
911, 4.8270,240.7818,22.7432
912, 3.8510,235.8895,26.2270
913, 4.2740,239.5975,26.8148
914, 4.6850,237.6020,26.0023
916, 4.9630,240.5549,29.7894
922, 3.1150,258.9562,24.8081
929, 4.5520,262.8797,26.0865
932, 3.4900,266.8056,27.7037
941, 3.7940,269.6278,29.2360
942, 3.8230,272.0739,28.7550
947, 4.6670,283.8898,22.6589
948, 4.9580,281.7127,26.6720
955, 4.6100,292.3766,24.6935
958, 4.6830,292.8826,27.9947
959, 3.1860,292.8737,27.9891
962, 4.9570,291.2213,29.6479
964, 4.6310,298.5688,24.1185
965, 4.8600,297.9735,22.6479
971, 4.6750,300.4722,27.7956
977, 4.7250,304.0192,25.6395
983, 4.6560,304.1409,27.8620
988, 4.6600,313.2375,27.1581
992, 4.7000,322.7039,23.7119
994, 4.1850,326.3777,25.7223
996, 4.7450,326.2484,28.8197
999, 3.8090,331.9742,25.4280
1004, 3.6040,342.7313,24.6928
1006, 4.7920,335.5519,28.4165
1007, 4.7890,340.6637,29.3974
1008, 4.6020,350.3959,23.8353
1009, 4.4900,351.5830,23.4996
1010, 4.9000,347.0113,25.5619
1011, 2.6540,346.1749,28.1759
1013, 4.8320,359.6843,25.2387
1019, 4.5120,4.8323,36.8825
1020, 3.4050,10.0873,30.9576
1023, 4.6330,18.1785,30.1833
1024, 4.3190,9.4758,33.8160
1026, 2.2440,17.6999,35.7145
1033, 3.0170,32.6700,35.0709
1034, 4.9330,34.5485,34.3060
1035, 3.9990,34.6131,33.9289
1042, 4.7350,43.1736,35.1323
1046, 0.0000,49.3460,33.3279
1048, 4.9930,49.9823,34.2868
1051, 3.9060,56.3802,32.3433
1053, 2.8580,58.8342,31.9351
1055, 4.9620,55.8982,34.0208
1059, 4.0260,60.0522,35.8407
1065, 2.8300,74.5604,33.1921
1068, 4.6890,79.8581,33.3883
1071, 4.9390,73.4791,36.7310
1077, 4.7630,83.4938,32.2023
1081, 4.9170,88.0866,37.3076
1085, 4.5330,108.0901,30.2113
1087, 3.6050,103.5126,33.9355
1089, 4.1980,112.5851,31.7428
1093, 4.9280,115.1038,34.5384
1100, 3.2910,140.5575,34.3092
1102, 4.6400,143.8497,36.3103
1107, 4.4980,152.1397,35.1488
1110, 4.7680,159.9503,31.8740
1114, 4.7510,156.7537,33.6963
1116, 4.3040,157.2495,36.6070
1118, 3.6350,169.8800,32.9866
1119, 4.3270,169.8042,31.4215
1120, 4.8040,169.8042,31.4215
1121, 3.9050,163.5962,34.1103
1132, 4.9780,203.9145,37.0791
1134, 4.9400,208.1615,34.3440
1135, 4.9130,214.7037,35.4150
1136, 3.7100,218.1660,30.2804
1138, 4.1430,233.4273,31.2869
1139, 3.5630,229.0707,33.2367
1143, 4.3340,231.3073,37.3021
1147, 4.9080,237.9907,35.5919
1150, 4.8450,242.4206,36.4321
1151, 4.9580,245.7130,30.8385
1157, 3.8950,255.2571,30.8889
1160, 4.8230,259.5105,33.0700
1162, 3.2920,258.9307,36.7781
1163, 4.6230,259.5852,37.2616
1165, 4.4540,269.8105,30.1777
1167, 3.9850,269.2286,37.2379
1174, 4.4460,275.1341,36.0626
1179, 3.6310,282.6976,33.3744
1182, 3.2170,284.9159,32.7052
1186, 4.4640,283.7944,36.9122
1188, 4.7800,295.0336,30.1864
1191, 4.7090,293.1215,34.4829
1193, 4.9910,296.2416,37.3895
1194, 0.0000,300.6983,30.1705
1198, 4.5740,306.1561,32.2411
1199, 4.0080,299.2572,35.1235
1204, 4.9040,302.5350,36.8849
1205, 4.9620,303.8120,36.8536
1209, 4.0440,307.5448,30.4215
1211, 4.3340,311.6138,30.7785
1214, 4.8150,308.6623,35.3055
1216, 2.5700,311.7445,34.0293
1220, 3.3000,318.4378,30.2949
1225, 4.3250,332.7096,33.2617
1227, 3.0160,340.9753,30.3113
1239, 4.6070,4.5232,38.7790
1245, 4.4960,12.7172,41.1747
1251, 4.9420,25.4276,40.6664
1256, 4.8040,32.4099,37.9429
1261, 4.2530,42.9472,38.3916
1262, 3.5390,46.6002,38.9087
1264, 4.9610,40.8645,40.2692
1265, 4.6900,44.9964,39.7331
1266, 4.7320,48.1318,39.6781
1268, 3.8890,47.6958,44.9246
1272, 3.8130,56.6240,42.6334
1273, 4.9540,50.6820,43.3928
1277, 4.7970,64.0480,40.5271
1278, 4.3740,69.5045,41.2994
1280, 4.8470,78.6851,38.5033
1281, 3.8880,75.9542,41.0994
1285, 4.6230,87.6254,39.1840
1286, 4.0870,88.2044,39.1503
1295, 4.9310,100.1743,42.4691
1305, 4.4150,126.0369,43.1247
1306, 4.6530,136.9370,38.3733
1310, 4.9090,144.0653,39.5340
1316, 3.2160,155.8686,41.4004
1317, 4.7420,158.5892,40.3244
1320, 4.6590,163.7714,43.0853
1321, 3.1100,167.6870,44.3917
1328, 4.3090,188.6705,41.2477
1331, 4.7370,199.6039,40.4668
1342, 3.5770,225.6703,40.3082
1346, 4.9920,233.1202,40.8267
1349, 4.6640,238.3340,42.3865
1353, 4.1930,248.6829,42.3884
1355, 4.2160,242.3458,44.8761
1356, 3.5770,250.8900,38.8774
1364, 4.3420,281.3587,37.6144
1367, 4.3730,288.6037,39.1681
1368, 4.4760,289.2589,38.1569
1373, 4.3550,283.9804,43.9601
1376, 4.9300,299.1374,38.5266
1383, 4.8370,304.6236,38.0814
1387, 2.2730,305.7289,40.3069
1389, 3.7760,318.8879,38.1140
1390, 3.9320,314.4712,41.2300
1391, 4.2480,319.5418,39.4641
1396, 4.7490,313.4799,44.4488
1397, 3.8800,316.4067,43.9933
1399, 4.9900,323.8885,38.6086
1405, 4.2770,334.2003,37.8336
1406, 4.6570,333.6748,39.7993
1419, 4.6400,340.3376,44.3659
1427, 0.0000,355.0701,44.5900
1429, 4.2660,354.7681,43.3645
1430, 4.1260,355.3367,44.4305
1434, 4.9720,11.1317,47.1208
1435, 4.7750,10.7826,50.6089
1437, 4.9880,20.8665,45.6211
1438, 4.8740,22.1977,45.4982
1439, 4.2840,17.6530,47.3357
1440, 3.7190,24.7913,48.7180
1444, 4.0110,26.2148,50.7775
1450, 4.8950,36.7250,50.3583
1455, 4.4920,52.9813,48.0552
1456, 4.2950,54.4625,48.2505
1457, 4.1070,47.6020,49.6805
1462, 4.7150,52.6841,49.5694
1464, 4.9620,52.3531,49.1238
1467, 4.8030,65.7343,46.5397
1470, 4.2380,64.0759,48.4527
1471, 4.2630,62.0028,50.3979
1472, 4.6000,64.9205,50.3376
1481, 4.5160,90.3389,45.9347
1487, 4.8960,104.7543,45.0661
1494, 4.6070,112.0398,49.1708
1502, 4.8000,122.4742,51.4488
1508, 4.4680,144.0347,51.9640
1513, 3.8180,176.7688,47.6696
1516, 4.8590,186.2412,51.4522
1521, 4.6850,203.8139,48.9127
1523, 4.5350,213.5458,51.6944
1524, 4.1810,214.2826,45.9934
1529, 4.1000,216.4679,51.7580
1530, 4.7630,214.2156,51.2722
1537, 4.6940,240.8517,45.9755
1538, 3.8540,245.0818,46.2589
1541, 4.8380,252.4515,45.9410
1544, 3.7630,265.0031,45.9861
1557, 3.7750,292.5468,51.7588
1560, 4.8320,303.4753,46.8625
1561, 3.9290,303.5587,46.7882
1565, 4.5340,294.2398,50.2529
1574, 4.8900,312.3978,46.1741
1575, 4.1570,304.0159,47.7618
1577, 4.7350,315.1183,47.5846
1581, 4.9200,307.6629,49.0048
1588, 4.0820,323.6747,45.6661
1589, 4.7030,316.8143,47.7143
1594, 4.6480,325.6929,51.2662
1597, 4.5230,335.4528,46.6225
1598, 4.5460,337.5817,47.7945
1599, 4.5910,336.3222,49.5630
1601, 4.5420,336.0772,52.3154
1606, 4.7590,346.2586,50.1453
1607, 4.5580,348.3557,49.5004
1608, 4.6620,339.5390,51.6342
1609, 3.9640,354.6234,46.5546
1611, 0.0000,350.9810,48.4605
1621, 4.7280,14.4516,59.2764
1622, 4.9570,14.0344,59.0681
1625, 4.7910,23.7957,59.3225
1631, 3.9420,43.0233,55.9683
1633, 4.8800,46.7449,56.7740
1644, 4.4300,74.7056,53.7779
1647, 3.8320,90.2748,54.2828
1661, 4.4480,104.7326,58.3948
1671, 4.8300,139.3910,53.9400
1674, 4.5630,148.3531,53.9722
1678, 4.8800,157.9659,55.8797
1685, 2.3990,178.7112,53.5847
1692, 4.0070,201.5005,54.8832
1694, 4.8280,205.3697,54.5793
1704, 4.9870,239.5670,54.6867
1707, 3.4210,231.3436,58.8911
1710, 4.8810,251.4183,56.7378
1713, 4.0550,240.5696,58.5038
1718, 0.0000,276.8476,54.8222
1719, 3.8530,268.4661,56.8587
1720, 4.8320,278.2280,57.0494
1724, 3.8840,289.3866,53.3920
1729, 4.7650,282.8707,59.4004
1733, 4.2870,303.4590,56.6145
1737, 4.5710,311.4563,57.6384
1745, 4.2670,326.0216,58.8569
1746, 3.5100,332.8781,58.2850
1752, 4.2070,337.4688,58.5027
1756, 4.6280,358.8339,57.5966
1759, 4.9980,356.9960,58.7489
1783, 4.6270,37.6615,67.4812
1785, 4.7120,50.4185,65.7159
1790, 4.8940,56.9286,63.3994
1792, 4.6250,57.8190,65.5792
1795, 4.1230,76.2802,60.4653
1805, 4.7220,130.4705,64.2580
1812, 4.6840,138.1213,63.4333
1813, 4.8690,138.0172,67.0539
1814, 4.9230,156.3784,65.4669
1825, 4.7830,208.0041,64.6230
1831, 4.8650,224.4805,65.8487
1834, 4.9770,250.2684,64.5432
1835, 4.9370,254.0352,65.0954
1841, 4.9550,276.5101,65.5642
1843, 4.5800,290.1910,65.7395
1851, 3.5110,311.4164,61.8975
1864, 4.4460,331.0810,64.7101
1866, 3.6110,342.5880,66.2915
1873, 4.8440,21.8201,68.2217
1878, 4.9530,29.3719,68.7716
1882, 4.6470,30.8841,70.9923
1885, 4.8400,48.5059,74.4599
1887, 4.6110,58.0959,71.3851
1889, 4.7580,95.2372,69.3091
1898, 4.9420,136.0657,67.5520
1899, 4.6330,144.0420,69.7429
1910, 3.9870,173.1384,69.2222
1921, 4.8210,264.2141,68.7366
1924, 4.6000,265.4044,72.1296
1926, 4.2100,275.1225,71.3361
1927, 4.9420,283.5396,71.3107
1929, 3.1650,288.1385,67.6830
1932, 4.6530,300.7231,67.9162
1933, 4.7570,293.0708,69.6912
1934, 4.0100,297.0231,70.3045
1935, 4.5930,288.7965,73.3783
1940, 4.6590,325.5425,71.3879
1941, 4.8880,332.5371,72.4247
1943, 4.9710,349.8485,68.2063
1962, 4.6990,105.7070,76.9481
1967, 4.9590,159.1782,75.6114
1969, 4.4300,144.9348,81.2382
1973, 4.4010,216.8864,75.6038
1975, 4.9630,212.2129,77.4508
1979, 4.9910,244.2511,75.6998
1986, 4.3120,251.0289,81.9933
1989, 4.3910,302.0507,77.7563
1995, 4.6090,347.1190,75.4811
1997, 3.3220,355.0280,77.7288
2004, 4.3640,17.8774,86.3510
2013, 4.8500,343.5226,84.4380
2014, 4.9160,341.8219,83.2445
2017, 4.3400,261.5477,86.5622
2020, 4.7270,1.5799,-5.6102
2021, 4.5760,0.7362,-5.9167
2024, 4.9410,13.4976,-1.0487
2056, 4.0670,63.2012,-6.7929
2062, 4.3950,73.4600,-5.4249
2065, 4.6780,80.6867,-0.3673
2069, 4.8840,82.6774,-1.0806
2074, 4.7520,75.5930,-7.1499
2075, 3.5560,79.6351,-6.8274
2078, 4.9000,85.4553,-1.1221
2079, 4.6070,84.0836,-4.8292
2086, 4.7020,83.9961,-5.9928
2088, 4.5650,83.2152,-7.2909
2090, 4.7900,84.9539,-7.2053
2095, 4.6690,90.2543,-3.0763
2102, 4.1170,93.9482,-6.2835
2111, 4.1360,108.2116,-0.5270
2121, 4.8530,120.5498,-1.4476
2122, 4.4560,122.3902,-3.0417
2129, 4.7160,131.1536,-7.3048
2135, 4.5620,143.2406,-1.2713
2136, 4.0360,145.2088,-1.2317
2138, 4.4730,152.2310,-0.4676
2144, 4.9120,165.7017,-2.5904
2146, 4.4770,169.4095,-3.7591
2147, 4.4140,174.4828,-0.9330
2148, 4.9290,172.8241,-3.1123
2150, 3.8740,185.2220,-0.7770
2158, 4.8970,203.2412,-6.3595
2161, 4.9180,217.2993,-2.3199
2165, 4.5030,224.5474,-4.4303
2177, 4.9150,259.3991,-0.4756
2178, 4.9880,255.5184,-4.2598
2181, 4.6600,270.3738,-3.7009
2182, 3.3370,275.5793,-2.9001
2188, 4.3370,282.0486,-4.7375
2189, 0.0000,280.9484,-5.7305
2190, 0.0000,281.1343,-6.7300
2192, 4.9390,284.5215,-5.8315
2198, 4.1310,285.6763,-5.7223
2203, 4.9420,294.4810,-6.9954
2207, 4.4090,309.8325,-1.0489
2209, 4.6380,312.1870,-4.9681
2217, 3.0330,331.6916,-0.2373
2219, 4.7650,331.0770,-2.0734
2228, 4.4060,348.8294,-5.9546
2231, 4.9890,359.9141,-3.4587
2234, 3.6740,5.1019,-8.7266
2237, 4.8780,11.2901,-10.5133
2245, 3.5730,17.3883,-10.0883
2249, 3.8510,28.1024,-10.2476
2250, 4.6940,27.6335,-10.5987
2252, 4.8620,36.7202,-12.2109
2259, 4.8740,40.1230,-11.7962
2260, 4.2160,41.2599,-13.7839
2261, 0.0000,44.4608,-12.5172
2263, 4.8210,49.1922,-8.7547
2264, 3.8140,53.4648,-9.3990
2267, 3.6220,56.0432,-9.7078
2270, 4.6130,56.7629,-12.0471
2273, 3.1290,59.7318,-13.4584
2283, 4.0230,69.7660,-14.2700
2285, 4.8040,75.2056,-12.5126
2287, 4.2110,77.5168,-8.7333
2288, 4.2370,81.2185,-7.7938
2291, 4.4360,78.2989,-11.8498
2292, 4.4340,78.5301,-12.9223
2294, 4.2390,80.1156,-13.1606
2301, 4.9920,90.6863,-10.6007
2304, 4.6690,91.7565,-14.9401
2312, 4.9870,94.1572,-13.7275
2317, 4.2300,103.7709,-12.0650
2319, 4.9860,100.0393,-14.1655
2334, 4.0390,115.5417,-9.5979
2341, 4.8200,123.0432,-12.9859
2349, 4.4020,131.8205,-13.6197
2351, 2.1400,142.1327,-8.7440
2352, 4.9150,140.3552,-9.6389
2353, 4.8730,140.1741,-12.0579
2360, 4.5740,151.5146,-13.1599
2361, 3.7070,152.8818,-12.4507
2362, 4.2100,148.1005,-14.9386
2371, 4.6620,174.4137,-9.9115
2373, 4.9860,171.3944,-10.9676
2376, 4.7830,190.0601,-8.1050
2383, 4.9750,193.8377,-9.6474
2393, 4.3250,213.4801,-10.3694
2394, 4.5320,215.0368,-13.4653
2395, 4.9630,225.4999,-8.6016
2400, 4.9720,231.3106,-10.3974
2401, 4.7220,233.8058,-10.1362
2406, 4.9420,243.2625,-10.1217
2407, 4.3630,241.3563,-11.4336
2410, 4.9270,239.8158,-14.3423
2412, 4.6530,247.2111,-8.4228
2413, 4.6870,252.7230,-10.8250
2416, 4.3290,260.4766,-12.8754
2417, 4.6160,264.7219,-8.1397
2420, 4.2400,265.6240,-12.8946
2425, 3.4200,270.0212,-9.7850
2426, 4.7700,276.1775,-8.9346
2427, 3.9910,279.0631,-8.2390
2430, 4.7340,280.8306,-9.0443
2436, 4.6840,277.5723,-14.5635
2449, 4.3420,304.6776,-12.4597
2451, 4.7410,305.4318,-12.7094
2453, 3.1510,305.5221,-14.7316
2454, 4.7560,313.4214,-8.9220
2456, 3.7580,312.1784,-9.4362
2461, 4.6010,317.6597,-11.3048
2464, 4.7000,324.6927,-7.7788
2471, 4.2680,334.4605,-7.6982
2475, 4.2610,331.8679,-13.7870
2478, 4.8150,337.9160,-10.5902
2481, 4.2110,342.6523,-13.5015
2484, 4.3630,349.2226,-8.9932
2485, 4.9990,349.9896,-9.5159
2490, 4.4780,355.9297,-14.4482
2494, 4.9500,3.0613,-15.3706
2496, 4.6290,3.9046,-18.8355
2507, 4.1670,30.2277,-20.9921
2508, 4.7920,38.2505,-15.1666
2511, 4.5210,41.4990,-18.4981
2512, 4.8710,42.9788,-20.9312
2515, 3.9100,50.0935,-21.6941
2521, 4.5280,70.3212,-19.6384
2529, 4.8770,75.5655,-20.0278
2530, 3.3340,76.5692,-22.3486
2536, 3.8790,88.0361,-20.8772
2537, 4.9880,91.4611,-16.4886
2548, 4.5640,99.6841,-18.2566
2550, 4.0680,99.3804,-19.2745
2552, 4.7080,104.1141,-20.1635
2554, 4.0780,106.1573,-15.6640
2558, 4.3710,104.2483,-17.0815
2560, 4.9410,110.7675,-19.0553
2564, 4.6180,120.1821,-18.4536
2572, 4.3680,122.4713,-19.3031
2575, 4.9830,130.6535,-16.0138
2583, 4.8490,142.0453,-22.4291
2588, 3.9850,156.7555,-16.9362
2591, 4.1950,165.1801,-18.4043
2595, 4.8130,176.4338,-18.4604
2598, 4.3380,188.2675,-16.3058
2602, 4.8730,202.1196,-16.0780
2609, 2.7420,222.9860,-16.1275
2617, 4.2400,238.7286,-16.7938
2619, 4.9240,235.7636,-19.7477
2625, 4.3780,248.0599,-16.6625
2626, 4.5910,246.3068,-20.0900
2627, 4.4040,242.1320,-20.9281
2632, 3.5530,264.6719,-15.4196
2653, 3.6360,284.7187,-21.0916
2654, 3.8610,286.4577,-21.7233
2656, 4.5790,290.7065,-15.9294
2661, 3.9350,290.6961,-17.8216
2663, 4.9910,289.6895,-18.9290
2666, 4.9900,296.8713,-19.7251
2668, 4.9670,307.4885,-17.7609
2680, 4.3770,320.8289,-16.7636
2682, 4.8230,325.9320,-18.7896
2685, 4.6020,322.4537,-21.7344
2686, 0.0000,329.7700,-15.9546
2691, 4.8300,341.1556,-18.7402
2695, 4.8020,347.7354,-22.3637
2696, 4.5380,351.7648,-20.5465
2698, 4.9060,355.6905,-17.7199
2701, 4.9990,0.8298,-29.6230
2709, 4.2740,14.8838,-29.2623
2712, 4.6590,31.3392,-29.2121
2713, 4.9500,38.6730,-28.1547
2716, 4.9760,49.8054,-22.4469
2723, 4.2660,56.9206,-23.1955
2725, 4.6030,58.6332,-24.5605
2731, 4.6120,68.5676,-29.7305
2748, 4.0410,103.7325,-24.2106
2749, 2.9990,105.9567,-23.8636
2756, 3.6560,105.6216,-27.9645
2759, 4.0040,108.8980,-26.8082
2766, 4.9270,109.8681,-24.5959
2770, 4.8570,109.3387,-27.9175
2774, 4.6160,114.9029,-26.8476
2775, 4.4010,114.9049,-26.8496
2779, 4.6170,114.0382,-28.4136
2780, 4.2650,119.4215,-22.9333
2782, 3.4520,117.5259,-24.9099
2790, 4.8840,134.0871,-27.7571
2791, 4.1580,132.8372,-27.7832
2792, 4.9730,130.1260,-29.6307
2794, 4.7840,137.2221,-25.9378
2795, 4.9050,140.5852,-26.0489
2796, 4.8140,141.0091,-28.9179
2798, 4.7360,145.5398,-23.6807
2799, 4.9840,145.7785,-24.0051
2803, 4.8480,146.2638,-27.8595
2810, 4.9560,166.5648,-27.3998
2833, 3.3680,211.8657,-26.7796
2834, 4.9370,216.0514,-27.8472
2842, 3.4590,226.2991,-25.3637
2849, 3.7500,234.5471,-28.2058
2856, 4.6940,238.6909,-25.3917
2857, 4.6220,238.0334,-25.8169
2863, 3.8330,239.5170,-29.2775
2866, 4.6650,245.4475,-24.2234
2867, 2.9110,245.5884,-25.6466
2868, 4.7590,247.8433,-25.1654
2869, 4.5430,243.3713,-27.9838
2871, 4.7850,244.8724,-28.6690
2873, 2.7590,249.2694,-28.2638
2874, 0.0000,250.7139,-29.5571
2877, 4.1890,261.8857,-24.2013
2878, 4.7950,263.1464,-23.9864
2879, 4.6560,267.1916,-27.8473
2882, 4.3170,262.1448,-29.8926
2883, 4.7200,270.2406,-23.8271
2889, 4.8290,274.8128,-27.0453
2891, 4.6610,272.3243,-28.4643
2892, 4.7810,271.5610,-29.5887
2893, 2.8300,275.5554,-29.8295
2899, 2.9240,277.2890,-25.4199
2901, 3.1260,281.7130,-26.9810
2906, 4.9240,289.1785,-25.2337
2908, 3.4270,287.0344,-27.6512
2913, 4.9450,300.0297,-26.1546
2914, 4.7730,299.2523,-26.2596
2915, 4.6760,300.9584,-27.6671
2919, 4.6920,317.0626,-24.9398
2920, 4.2890,313.2411,-26.8581
2932, 4.1600,340.4295,-26.9539
2939, 4.5720,357.4810,-28.0333
2953, 4.5650,42.4746,-32.3326
2959, 4.9470,55.7546,-31.8825
2962, 4.7170,55.8891,-37.2578
2963, 4.2670,57.5453,-36.1469
2964, 3.9080,69.0760,-30.5272
2966, 4.1230,66.1907,-33.9771
2969, 4.9310,79.5450,-34.8781
2970, 4.7110,76.2749,-35.4602
2976, 3.9830,82.9745,-35.4595
2979, 4.8450,88.4540,-33.8002
2980, 4.3200,89.5554,-35.2841
2982, 3.2310,87.9099,-35.7662
2985, 3.9300,95.7047,-33.4484
2989, 4.4360,97.2212,-32.5948
2993, 4.4720,94.3097,-35.1500
2997, 4.9770,92.0473,-37.2583
3018, 4.5270,114.5199,-35.0136
3020, 4.9830,109.3772,-36.6289
3021, 4.6590,109.7480,-36.7710
3023, 2.8660,109.4559,-37.1340
3028, 4.7930,119.6083,-30.3881
3032, 4.9830,125.5349,-33.1172
3042, 4.7440,123.5540,-35.9593
3044, 4.4600,124.8191,-36.7210
3047, 3.6310,131.0906,-33.2574
3049, 4.0570,130.2135,-35.3782
3053, 4.6680,139.1294,-37.4949
3055, 4.6580,142.5086,-36.0371
3060, 4.4240,157.0074,-31.1679
3066, 4.7070,164.4013,-37.2429
3070, 3.6320,173.4867,-31.9666
3073, 4.6740,175.2909,-34.8542
3074, 4.3450,178.4691,-34.0181
3079, 4.8890,192.9319,-34.1080
3082, 4.2720,206.6971,-33.1451
3083, 2.7320,200.4204,-36.8177
3085, 4.7170,208.5778,-32.0275
3086, 4.4970,208.2337,-33.0943
3087, 4.4160,207.6388,-34.5515
3089, 2.1580,211.9563,-36.4671
3091, 4.2010,221.2074,-35.2615
3092, 4.9240,221.5408,-35.2792
3096, 4.4700,229.7497,-30.2260
3097, 4.9610,228.9486,-31.5974
3099, 3.7290,230.7566,-36.3373
3100, 4.4990,231.0952,-36.9340
3102, 3.9400,238.0445,-33.6928
3104, 4.7690,235.2462,-34.4816
3105, 4.6980,235.9765,-34.7790
3112, 4.1720,241.9627,-36.8619
3115, 4.2020,248.1591,-34.7541
3116, 4.3460,249.4091,-35.3029
3121, 4.9950,255.7789,-32.1803
3124, 2.3930,252.8552,-34.3350
3125, 4.8860,256.5211,-34.1584
3127, 4.7900,267.6051,-31.7190
3134, 2.6240,263.0166,-37.3198
3136, 3.3150,267.7906,-37.0587
3138, 3.0660,271.7600,-30.4323
3143, 3.2980,274.7318,-36.7646
3147, 4.8160,281.4017,-35.6328
3148, 4.9030,285.0048,-37.0917
3150, 4.4090,286.9280,-37.0445
3156, 4.3250,300.2456,-35.2348
3160, 4.9990,312.7912,-33.7193
3163, 4.7520,315.6170,-32.1936
3164, 4.7170,319.7753,-32.1029
3167, 4.3230,326.5225,-32.9484
3168, 4.9880,332.8155,-32.4648
3169, 4.5020,332.3755,-32.9053
3173, 2.9710,328.7718,-37.2852
3174, 4.2800,338.1486,-32.2581
3177, 4.3150,344.2531,-32.4475
3178, 4.5020,343.3983,-32.7840
3180, 4.5310,349.9656,-32.4371
3183, 2.4960,6.8082,-42.2089
3184, 3.9530,6.7877,-43.5826
3192, 3.6130,22.3021,-43.2268
3195, 4.7360,40.1347,-42.8157
3196, 4.2260,40.3574,-39.7797
3198, 4.1190,44.7531,-40.2341
3199, 4.3360,50.1537,-43.0061
3200, 4.7170,57.3281,-37.5666
3202, 4.6890,54.4481,-40.2168
3205, 4.9700,62.8732,-41.9485
3206, 3.9660,63.6614,-42.2505
3209, 4.4790,70.2981,-41.8308
3216, 4.0570,89.9347,-42.8167
3222, 3.1380,99.5879,-43.2149
3227, 4.7870,107.3746,-39.6886
3232, 4.7670,108.5311,-44.6746
3237, 4.7880,115.0333,-38.3540
3241, 3.8060,116.4851,-38.0170
3244, 4.4450,118.3309,-38.9143
3247, 3.8090,118.2190,-40.6271
3248, 3.4180,112.4609,-43.3431
3252, 4.6000,123.0113,-39.6775
3253, 4.5500,123.6819,-40.4079
3255, 4.7680,123.0199,-43.0463
3258, 4.1360,129.5793,-43.0580
3269, 4.1430,131.2710,-42.7206
3271, 4.5190,135.2018,-41.3303
3273, 2.3790,137.1749,-43.5119
3279, 3.6600,142.8645,-40.5530
3288, 3.8360,153.8855,-42.2194
3289, 4.9380,155.7870,-41.7491
3290, 4.3830,165.2580,-42.3315
3296, 4.9620,176.8675,-40.6102
3305, 4.6130,190.2282,-40.0967
3309, 4.9220,198.2825,-37.9095
3311, 4.2760,193.6235,-40.2873
3320, 4.0270,203.0387,-39.5112
3323, 3.4150,207.6925,-42.5743
3324, 3.3520,207.6633,-41.7883
3325, 3.7690,209.8591,-42.1997
3326, 3.8110,209.9658,-44.9024
3327, 4.0290,215.4307,-37.9792
3328, 4.3110,211.8044,-41.2768
3329, 4.3710,216.0542,-39.6050
3334, 3.9580,220.7877,-37.8817
3335, 4.9890,223.5137,-37.8883
3339, 3.0780,225.1017,-42.1874
3342, 2.6030,224.9469,-43.2174
3343, 4.2890,223.2227,-43.6609
3344, 4.7780,228.5288,-44.5793
3345, 4.5920,231.6449,-38.8083
3347, 3.1570,230.6575,-40.7236
3348, 2.9540,234.1042,-41.2381
3349, 4.4510,234.1042,-41.2381
3350, 4.4970,234.8367,-42.6376
3352, 3.3370,230.9953,-44.7652
3354, 4.6760,234.3019,-45.0293
3355, 4.6810,235.6274,-44.7304
3357, 3.3670,240.3485,-38.4588
3358, 4.8570,241.1697,-38.6633
3366, 4.9100,248.8612,-44.0938
3367, 3.5080,253.4085,-38.0584
3373, 0.0000,254.2647,-41.0492
3377, 4.8170,253.8367,-42.4021
3378, 3.7640,253.9838,-42.4012
3380, 3.3590,258.3807,-43.2715
3382, 4.3880,264.4668,-38.6568
3384, 3.0500,267.2308,-40.1435
3385, 4.8330,267.8808,-40.1057
3389, 4.9820,269.5472,-44.3545
3396, 4.7250,278.7175,-42.3082
3405, 4.0950,287.6931,-37.8842
3406, 4.2270,287.8362,-39.3202
3409, 4.6930,287.4199,-40.4769
3412, 4.7210,286.1175,-42.0776
3415, 3.9270,291.3034,-40.5893
3418, 4.2350,299.1450,-41.8286
3420, 3.9350,291.0039,-44.4330
3421, 4.3110,291.1499,-44.7735
3422, 4.9280,301.2067,-37.8977
3437, 4.8060,320.4960,-40.7391
3441, 4.6180,331.8184,-39.4607
3443, 4.8870,334.1928,-41.2619
3446, 4.0770,337.6038,-43.4080
3447, 4.3300,337.7260,-43.6615
3450, 4.9480,341.1536,-41.3242
3455, 4.4520,346.9913,-43.4269
3456, 4.3520,353.5005,-37.7222
3457, 4.7050,354.0278,-42.5189
3458, 3.9900,2.5967,-45.6500
3459, 4.7060,10.5603,-45.9886
3464, 4.7550,8.0864,-48.7065
3468, 3.4590,16.7377,-46.6242
3472, 4.5980,28.6070,-46.2157
3473, 4.9300,29.4841,-47.2991
3474, 4.0440,23.0143,-48.9818
3477, 3.7980,29.1735,-51.5224
3478, 4.2080,36.9250,-47.6244
3480, 3.5200,34.3014,-51.4302
3487, 4.2850,64.1346,-51.4435
3494, 3.8700,86.9367,-51.0627
3503, 4.8710,108.4501,-45.2175
3505, 4.5180,108.2783,-46.7938
3507, 4.7310,108.7917,-48.3073
3508, 3.0500,102.6036,-50.6391
3509, 4.9420,106.0988,-49.6146
3518, 4.0560,117.4562,-46.4233
3526, 4.8030,117.2275,-47.1274
3527, 4.2030,118.4669,-48.1546
3529, 4.1430,122.5195,-47.4035
3534, 4.4720,119.6978,-49.2986
3535, 4.5740,118.4001,-49.6646
3538, 0.0000,129.8417,-45.1572
3542, 3.8800,130.3156,-46.7186
3544, 3.8770,131.6691,-46.1134
3546, 4.9400,132.6134,-45.3811
3547, 4.8460,125.7792,-48.5536
3550, 4.7790,130.4617,-47.3872
3563, 3.8670,136.2040,-47.1757
3566, 4.3580,144.3775,-49.4430
3571, 4.9660,143.7021,-51.3425
3573, 4.7020,148.1034,-46.6396
3583, 4.8240,152.4145,-51.9075
3588, 2.8150,161.8964,-49.5238
3593, 4.6090,178.0253,-45.2835
3601, 3.8480,189.6888,-48.6508
3602, 3.8640,187.2685,-50.3406
3603, 4.7700,190.9135,-48.9224
3604, 2.8170,190.6440,-49.0691
3605, 2.8810,190.6440,-49.0691
3606, 4.4190,182.2694,-50.7716
3607, 2.5150,182.3376,-50.8327
3608, 3.9180,183.1627,-52.4788
3609, 4.7830,186.8901,-51.5606
3610, 4.6690,196.8473,-48.5705
3612, 4.4750,193.5500,-49.0518
3613, 4.8280,196.1661,-49.6348
3614, 4.2280,197.0073,-50.0133
3621, 4.4050,210.7294,-45.7016
3627, 4.7380,206.9667,-51.5340
3630, 4.8070,215.4822,-45.2809
3631, 3.5000,215.1575,-46.1522
3632, 4.5270,216.8414,-45.3139
3633, 4.4010,216.8527,-45.4718
3641, 4.3920,218.4767,-50.5480
3642, 4.0070,219.7942,-49.5152
3644, 4.0210,227.5336,-45.3600
3646, 4.5610,226.6062,-47.1326
3647, 4.5980,226.6062,-47.1326
3651, 4.9280,229.9662,-47.9522
3652, 4.9940,229.9662,-47.9522
3653, 3.8330,228.3176,-48.8170
3656, 3.5000,228.4159,-52.1783
3658, 4.7430,241.9613,-45.2328
3661, 4.5080,247.1471,-47.6062
3663, 4.7460,241.1556,-49.2906
3666, 4.1220,245.3195,-50.2098
3673, 4.5610,264.2715,-46.5275
3676, 2.7930,263.3301,-49.8996
3677, 4.7990,265.4677,-49.4353
3682, 4.6200,273.1622,-45.9602
3684, 4.9020,278.2934,-45.9113
3685, 3.4360,277.0978,-45.9671
3689, 3.6350,272.0304,-50.0993
3690, 4.2200,277.5752,-49.0684
3702, 3.2030,309.7282,-47.2355
3703, 4.5300,311.3598,-51.8627
3708, 2.2870,340.9528,-46.7946
3710, 3.9880,347.8613,-45.1528
3712, 3.4790,342.4284,-51.2259
3714, 4.7360,354.7209,-45.3959
3718, 4.3590,11.0572,-57.3668
3722, 3.9970,17.3009,-55.1517
3728, 4.5540,64.2087,-59.2593
3730, 4.7670,76.4635,-57.4503
3733, 4.6160,87.5455,-56.1640
3734, 4.6850,92.6697,-54.9752
3736, 4.3630,98.8510,-52.9934
3737, 4.5100,102.5691,-53.6468
3748, 3.4040,119.3169,-53.0355
3757, 4.7890,130.7428,-53.1846
3758, 3.5450,130.2097,-52.9917
3762, 4.9570,128.9435,-58.0772
3764, 4.4540,131.7998,-56.8419
3767, 4.2920,130.2585,-59.8309
3768, 4.7020,134.2238,-52.7989
3776, 4.5180,139.1840,-57.6234
3777, 3.3260,142.9493,-57.1208
3781, 4.8660,134.3587,-59.3049
3782, 0.0000,137.3849,-58.7606
3784, 3.3810,137.8666,-59.0471
3786, 4.0780,143.7481,-59.3171
3787, 4.9460,158.0294,-53.8164
3788, 3.5000,149.3828,-54.6611
3789, 4.4900,155.4047,-56.1420
3790, 4.7390,155.0815,-55.1278
3792, 4.3790,160.0162,-55.7056
3796, 4.6280,159.0793,-57.6592
3797, 4.7360,157.0287,-57.7389
3801, 3.8480,157.1440,-58.8396
3802, 4.8940,159.8674,-59.2852
3806, 3.8730,170.4694,-54.5990
3811, 3.8820,163.5659,-58.9578
3813, 4.0520,167.3497,-59.0816
3816, 4.5950,173.9163,-54.3732
3822, 2.7210,184.0393,-58.8592
3827, 4.5940,191.8693,-56.5978
3829, 4.9510,193.9349,-57.2770
3830, 3.9380,193.9289,-57.2862
3833, 4.9040,190.7607,-59.7951
3834, 4.5780,193.9467,-59.2550
3835, 4.5780,198.3715,-60.0271
3839, 4.8400,212.7977,-53.5353
3847, 4.3470,215.4153,-56.4804
3859, 4.6970,241.2746,-57.8359
3864, 3.9320,252.8587,-59.0833
3865, 4.2180,255.2773,-53.1981
3868, 3.2760,255.0511,-56.0282
3869, 2.9680,261.7226,-55.5563
3878, 4.8290,284.9982,-52.9231
3890, 3.7780,314.0762,-58.3921
3891, 4.4300,329.8046,-54.9119
3893, 4.8260,331.1679,-56.7040
3896, 4.9770,341.7027,-53.4096
3898, 4.2220,345.5046,-52.6613
3903, 4.0330,349.6384,-58.1410
3906, 4.2860,5.2494,-64.7775
3907, 4.2820,8.1086,-62.8612
3908, 4.5050,8.1119,-62.8686
3916, 4.9860,44.7959,-64.0008
3918, 4.7400,59.7675,-61.3504
3919, 4.7000,60.2989,-62.1103
3922, 3.4250,63.6727,-62.4301
3923, 4.7500,52.4297,-62.8770
3924, 3.9590,56.1125,-64.7516
3931, 3.9110,83.4512,-62.4798
3933, 4.9480,78.4404,-67.1665
3935, 4.7590,88.5632,-63.0889
3937, 3.2620,102.0990,-61.9650
3939, 4.3530,86.2055,-65.7305
3948, 4.7920,122.3331,-61.3604
3950, 3.8020,133.8690,-60.7196
3955, 3.8860,126.4842,-66.2013
3957, 4.0110,135.6845,-66.4735
3958, 4.4870,144.9678,-61.4168
3960, 3.5360,154.4288,-61.4303
3961, 3.9150,137.9270,-62.3973
3962, 4.9030,140.3498,-62.4879
3964, 3.9050,146.4412,-62.5982
3966, 3.0250,146.8927,-65.1628
3970, 4.7540,161.0653,-60.6696
3971, 4.6790,168.3535,-60.4247
3973, 4.7190,166.8294,-62.5305
3977, 4.7140,160.7263,-64.5692
3981, 4.9380,155.8806,-67.0007
3986, 4.1990,176.8581,-61.2882
3987, 3.7340,185.5989,-60.5113
3989, 3.0920,174.1641,-63.1290
3995, 4.7000,181.3249,-63.2760
3996, 4.3480,180.9997,-63.4232
3998, 4.7990,186.8941,-63.2322
4002, 4.9680,178.1954,-65.3159
4003, 4.1770,181.9673,-64.7240
4004, 4.0110,184.8672,-64.1133
4005, 3.6380,176.6267,-66.8385
4006, 4.9150,177.2884,-66.9248
4008, 4.8030,191.6882,-61.0903
4011, 4.4870,200.9670,-61.0935
4016, 4.6190,201.3227,-64.6406
4021, 4.8240,209.7586,-63.7857
4023, 3.1890,221.0164,-65.0632
4035, 4.9900,229.8166,-63.6878
4040, 4.2340,234.6182,-66.3877
4042, 3.9620,244.2947,-63.7418
4047, 3.5630,263.2072,-60.7076
4052, 4.3590,272.6046,-63.6754
4053, 3.7140,266.9021,-64.7411
4055, 4.5400,276.2470,-61.4942
4057, 4.5930,278.2889,-62.2749
4059, 4.7930,281.8299,-64.8616
4061, 4.4390,284.7295,-67.2186
4065, 3.6160,302.6335,-66.1370
4067, 4.9010,309.7964,-61.4739
4068, 4.7820,309.2896,-60.5264
4071, 3.4310,311.6698,-66.1445
4073, 2.9980,334.9541,-60.1742
4076, 4.4940,337.1729,-64.8792
4082, 4.9970,359.6495,-64.2009
4083, 4.4730,360.2306,-65.4798
4086, 4.9970,19.1057,-68.7828
4089, 4.7890,28.8618,-67.5606
4092, 4.0880,39.9782,-68.1908
4093, 4.0750,35.5318,-68.5787
4094, 4.8290,41.4670,-67.5422
4098, 3.4360,56.7475,-74.1848
4105, 4.0510,109.2053,-67.9935
4108, 3.8600,107.1456,-70.5316
4110, 4.0590,115.3926,-72.6530
4111, 4.3780,121.9964,-68.6746
4115, 4.6270,136.4443,-70.6170
4118, 4.5360,136.2937,-72.6810
4125, 3.2710,153.5434,-70.1351
4127, 4.7150,157.6986,-72.0935
4129, 4.0200,156.1870,-74.1311
4134, 4.3320,184.6528,-68.0710
4135, 2.6220,189.5803,-69.2452
4139, 3.8040,188.4016,-72.2428
4140, 4.7650,199.1361,-68.0007
4147, 3.7360,195.8919,-71.6565
4150, 2.8490,230.1756,-68.7563
4159, 2.0520,252.6726,-69.0700
4160, 4.8950,260.9981,-67.7985
4161, 4.9630,247.6292,-70.1352
4167, 4.1290,281.3153,-71.4194
4172, 3.9380,300.6951,-72.8685
4181, 4.9260,0.6523,-76.9683
4182, 2.8550,6.6425,-77.1571
4185, 4.8950,42.6035,-74.9939
4189, 0.0000,62.8736,-80.1441
4199, 4.0950,124.4960,-76.9813
4200, 4.4670,125.0106,-77.5469
4201, 4.2770,158.9117,-78.7094
4205, 0.0000,133.4284,-82.1506
4212, 4.9080,180.1401,-78.3321
4216, 4.4040,161.4752,-80.6436
4217, 4.2090,184.8646,-79.4224
4222, 3.9680,222.5672,-79.1313
4223, 4.9200,215.1708,-81.1021
4227, 4.9020,245.8078,-78.7497
4228, 4.3460,251.4624,-77.5620
4229, 3.9570,249.1054,-78.9457
4238, 4.1550,341.9971,-81.2910
4246, 4.4530,217.5297,-83.7600
