5, 4.709,28.3890,3.18753
6, 4.995,22.5463,6.14382
7, 4.587,25.3579,5.48761
12, 4.1,30.5117,2.76374
15, 4.968,38.9686,5.59324
17, 2.716,45.5699,4.08974
18, 4.919,49.8404,3.3702
21, 4.353,54.2183,0.401662
27, 0,64.9226,3.76889
29, 3.888,60.7891,5.9893
33, 4.62,74.6371,1.71401
37, 3.638,72.8015,5.6051
38, 3.222,72.46,6.96128
40, 4.837,81.1868,1.84645
41, 4.62,78.3228,2.86126
43, 4.951,80.7083,3.54445
44, 4.574,81.7093,3.09565
48, 4.909,88.1102,1.85514
53, 4.503,84.7964,4.12146
54, 4.439,82.6961,5.94815
63, 4.423,95.942,4.59287
66, 4.593,101.965,2.41216
69, 4.486,98.2259,7.33297
82, 4.524,120.566,2.33457
85, 4.248,130.806,3.39866
86, 4.577,129.689,3.34144
89, 4.132,129.414,5.70378
90, 3.488,131.694,6.41878
91, 4.332,132.108,5.83781
92, 3.21,133.848,5.94551
93, 3.853,138.591,2.31427
97, 4.818,144.614,4.64929
106, 4.968,165.14,3.6175
108, 4.998,165.187,6.10145
109, 4.66,166.254,7.33601
110, 4.031,170.284,6.02932
111, 3.649,177.674,1.76472
114, 4.209,176.465,6.52938
116, 4.658,180.218,6.61433
119, 3.577,193.901,3.39747
122, 4.976,199.401,5.46987
125, 4.916,203.533,3.65897
127, 4.25,210.412,1.54453
128, 4.964,213.066,2.40943
131, 3.716,221.562,1.89288
137, 4.513,225.725,2.0913
142, 3.714,237.704,4.47773
143, 4.482,236.611,7.35307
144, 4.858,245.518,1.02904
151, 4.147,247.728,1.98396
159, 4.496,261.629,4.14036
163, 3.737,266.973,2.70728
164, 2.879,265.868,4.5673
166, 4.432,270.438,1.30507
168, 3.959,270.161,2.93156
169, 4.217,271.364,2.49979
172, 4.957,275.217,3.37717
173, 4.742,270.066,4.36862
177, 4.996,281.208,2.06004
179, 4.592,284.055,4.2036
180, 4.93,284.061,4.2021
185, 4.729,291.63,0.338565
187, 3.39,291.375,3.11479
192, 4.058,298.118,1.00566
195, 4.576,293.522,7.37894
196, 3.807,298.828,6.40676
203, 3.993,318.956,5.24787
211, 4.76,336.319,1.3774
214, 4.906,336.965,4.69566
220, 4.923,351.733,1.25561
221, 4.461,345.969,3.82005
222, 3.798,349.291,3.28229
223, 4.394,351.992,6.37899
227, 4.514,355.512,1.78004
230, 4.176,354.988,5.62629
232, 4.06,359.828,6.86332
237, 4.594,12.1706,7.58508
239, 4.364,15.7359,7.89014
242, 4.368,26.3485,9.15775
245, 4.453,33.25,8.84673
246, 4.261,37.0398,8.46007
251, 4.305,41.2356,10.1141
253, 3.705,51.2033,9.02888
257, 4.246,52.7182,12.9367
261, 3.388,60.1701,12.4903
263, 4.267,63.8836,8.89236
268, 4.272,68.9136,10.1608
272, 4.794,66.6516,14.7138
274, 4.67,68.4622,14.8444
278, 4.343,72.653,8.90018
281, 4.659,73.7239,10.1508
282, 4.277,69.5394,12.5108
286, 4.941,73.1332,14.2506
287, 4.2,74.0928,13.5145
290, 4.187,84.2266,9.29067
293, 3.509,83.7845,9.93415
294, 4.367,83.7052,9.48958
301, 4.152,90.5958,9.6473
302, 4.865,87.3872,12.6513
308, 4.371,91.893,14.7685
313, 4.413,92.985,14.2088
319, 4.923,101.833,8.03725
322, 4.642,100.244,9.89575
326, 3.377,101.322,12.8956
327, 4.618,100.997,13.228
329, 4.751,103.661,13.1778
332, 4.48,112.041,8.92553
334, 4.676,112.449,12.0066
341, 3.684,124.129,9.18554
349, 4.268,134.622,11.8577
354, 3.562,145.288,9.89231
359, 4.859,150.053,8.04422
360, 4.532,151.976,9.99751
365, 3.806,158.203,9.30659
374, 4.056,170.981,10.5295
377, 4.864,176.321,8.25812
380, 4.212,181.302,8.73297
384, 4.877,190.471,10.2356
387, 2.917,195.544,10.9591
402, 4.973,220.411,8.16176
405, 4.464,220.287,13.7283
406, 4.554,220.287,13.7283
409, 4.171,233.701,10.5389
417, 0,248.308,11.512
419, 4.565,246.354,14.0333
421, 3.31,254.417,9.37503
422, 4.347,253.502,10.1654
425, 4.889,256.345,12.7408
428, 3.48,258.662,14.3904
431, 4.745,271.826,8.73387
435, 0,284.107,9.95619
441, 2.958,286.353,13.8635
444, 4.824,298.562,8.46145
445, 2.861,296.565,10.6133
452, 0,302.058,7.90845
459, 4.66,308.827,14.6742
460, 3.677,309.387,14.5951
464, 4.703,317.585,10.1316
465, 4.544,318.62,10.007
471, 4.789,335.379,12.2052
474, 4.902,343.807,8.81615
475, 4.251,341.673,12.1729
477, 4.715,346.751,9.40949
484, 4.638,352.289,12.7606
491, 4.983,3.65068,20.2067
500, 3.712,22.8709,15.3458
507, 4.771,17.8634,21.0347
523, 4.452,47.9074,19.7267
529, 4.867,48.7254,21.0444
536, 4.463,61.1738,22.0819
539, 3.75,64.9483,15.6276
542, 4.785,67.6401,16.194
543, 3.936,67.1437,15.9622
544, 3.407,67.1656,15.8709
547, 4.504,66.5864,15.6183
549, 4.686,69.8188,15.918
551, 3.86,65.7337,17.5425
552, 4.81,66.024,17.4441
553, 4.262,66.3724,17.9279
554, 4.947,64.3153,20.5786
555, 3.635,67.1542,19.1804
560, 4.215,66.3424,22.2939
566, 4.85,77.4248,15.5972
567, 4.652,76.1423,15.4041
569, 4.986,76.8625,18.6451
572, 4.633,75.7739,21.59
577, 4.816,85.3238,16.5341
581, 4.639,83.0531,18.5942
586, 4.844,81.9087,21.937
588, 4.923,93.0137,16.1304
591, 4.462,88.5957,20.2762
592, 4.662,90.9799,20.1384
598, 4.102,97.2408,20.2121
603, 3.575,109.523,16.5404
605, 4.05,106.027,20.5703
625, 4.048,131.171,18.1543
627, 4.654,130.821,21.4685
631, 4.834,154.934,19.4709
633, 4.405,165.582,20.1798
635, 3.304,168.56,15.4296
640, 4.585,176.996,20.2189
642, 4.835,185.179,17.7929
649, 4.922,194.731,17.4094
650, 4.427,197.497,17.5294
652, 4.536,206.816,17.4569
653, 4.21,207.369,15.7979
657, 4.981,214.938,16.307
661, 4.71,221.31,16.9643
662, 4.877,220.182,16.4183
669, 3.653,236.547,15.4218
670, 4.513,235.388,19.6704
672, 4.273,237.185,18.1416
673, 4.914,237.816,20.9779
691, 4.806,270.014,16.7509
696, 4.852,270.377,21.5958
702, 4.319,272.19,20.8146
704, 3.975,275.925,21.7697
705, 4.129,284.906,15.0683
706, 4.356,281.755,18.1815
709, 4.243,281.416,20.5463
714, 4.458,295.024,18.0139
715, 4.488,295.262,17.476
718, 4.974,293.645,19.7734
719, 4.739,289.054,21.3904
724, 4.954,303.569,15.1976
725, 3.956,296.847,18.5343
729, 3.668,299.689,19.4921
732, 4.453,310.865,15.0746
733, 4.356,311.665,16.1243
737, 4.798,309.631,21.2012
740, 4.454,326.128,17.35
741, 4.2,320.522,19.8045
758, 4.499,14.3017,23.4177
759, 4.44,9.63894,29.3118
761, 4.786,18.4373,24.5837
763, 4.753,19.8666,27.2641
765, 4.802,29.4822,23.5961
770, 3.457,28.2705,29.5788
774, 4.624,40.863,27.7072
781, 3.579,42.496,27.2605
784, 4.639,41.9773,29.2471
786, 4.639,50.0848,29.0485
787, 3.849,56.4567,24.3678
790, 3.601,57.2906,24.0534
791, 4.152,56.5816,23.9483
796, 4.272,56.3021,24.4673
801, 4.303,66.5769,22.8136
807, 4.239,70.5613,22.9569
813, 0,79.806,23.6459
818, 4.987,87.254,24.5675
819, 4.806,89.4986,25.9539
821, 4.55,88.3319,27.6123
825, 4.434,93.8445,29.4981
831, 3.138,100.983,25.1311
837, 3.662,116.112,24.398
841, 3.888,111.432,27.7981
843, 4.227,113.981,26.8957
844, 4.369,115.828,28.8835
848, 4.977,118.374,26.7658
855, 4.126,131.674,28.7599
858, 4.599,141.164,26.1823
860, 4.475,142.93,22.968
861, 3.042,146.463,23.7743
863, 4.013,148.191,26.007
870, 4.477,163.903,24.7497
873, 4.74,168.801,23.0955
879, 4.859,185.626,25.8462
882, 4.773,188.713,22.6292
884, 4.466,186.734,28.2684
885, 4.948,186.6,27.2682
886, 4.971,186.747,26.8257
890, 4.999,192.925,27.5407
891, 4.304,197.968,27.8782
892, 4.952,196.795,27.6247
897, 4.868,212.6,25.0917
899, 2.578,221.247,27.0742
901, 4.965,225.527,25.0081
902, 4.501,218.67,29.7451
904, 4.974,226.825,24.8692
905, 4.653,226.111,26.9476
910, 3.672,231.957,29.1057
911, 4.827,240.574,22.8045
912, 3.851,235.686,26.2956
913, 4.274,239.397,26.8779
914, 4.685,237.399,26.0684
916, 4.963,240.361,29.8511
922, 3.115,258.758,24.8392
929, 4.552,262.685,26.1106
932, 3.49,266.615,27.7207
941, 3.794,269.441,29.2479
942, 3.823,271.886,28.7625
947, 4.667,283.687,22.6451
948, 4.958,281.519,26.6621
955, 4.61,292.176,24.6649
958, 4.683,292.689,27.9653
959, 3.186,292.68,27.9597
962, 4.957,291.032,29.6213
964, 4.631,298.365,24.0796
965, 4.86,297.767,22.61
971, 4.675,300.275,27.7536
977, 4.725,303.816,25.5919
983, 4.656,303.942,27.8142
988, 4.66,313.032,27.097
992, 4.7,322.487,23.6388
994, 4.185,326.161,25.645
996, 4.745,326.036,28.7426
999, 3.809,331.753,25.3451
1004, 3.604,342.501,24.6016
1006, 4.792,335.331,28.3305
1007, 4.789,340.439,29.3076
1008, 4.602,350.159,23.7403
1009, 4.49,351.345,23.4041
1010, 4.9,346.778,25.4683
1011, 2.654,345.944,28.0828
1013, 4.832,359.44,25.1414
1019, 4.512,4.58191,36.7852
1020, 3.405,9.832,30.861
1023, 4.633,17.9151,30.0896
1024, 4.319,9.22019,33.7193
1026, 2.244,17.433,35.6206
1033, 3.017,32.3859,34.9873
1034, 4.933,34.2635,34.2242
1035, 3.999,34.3286,33.8472
1042, 4.735,42.8785,35.0597
1046, 0,49.0487,33.263
1048, 4.993,49.6826,34.2227
1051, 3.906,56.0797,32.2882
1053, 2.858,58.533,31.8836
1055, 4.962,55.5944,33.965
1059, 4.026,59.7413,35.791
1065, 2.83,74.2484,33.1661
1068, 4.689,79.544,33.3716
1071, 4.939,73.1583,36.7032
1077, 4.763,83.182,32.192
1081, 4.917,87.7602,37.3056
1085, 4.533,107.785,30.2452
1087, 3.605,103.197,33.9613
1089, 4.198,112.278,31.7845
1093, 4.928,114.791,34.5844
1100, 3.291,140.264,34.3926
1102, 4.64,143.556,36.3976
1107, 4.498,151.857,35.2447
1110, 4.768,159.68,31.9762
1114, 4.751,156.478,33.7961
1116, 4.304,156.971,36.7072
1118, 3.635,169.62,33.0943
1119, 4.327,169.545,31.5292
1120, 4.804,169.545,31.5292
1121, 3.905,163.328,34.2149
1132, 4.978,203.699,37.1824
1134, 4.94,207.948,34.4442
1135, 4.913,214.499,35.5095
1136, 3.71,217.957,30.3714
1138, 4.143,233.232,31.3591
1139, 3.563,228.876,33.3148
1143, 4.334,231.123,37.3772
1147, 4.908,237.808,35.6574
1150, 4.845,242.243,36.4909
1151, 4.958,245.524,30.892
1157, 3.895,255.072,30.9264
1160, 4.823,259.332,33.1001
1162, 3.292,258.762,36.8092
1163, 4.623,259.418,37.2915
1165, 4.454,269.626,30.1893
1167, 3.985,269.063,37.2505
1174, 4.446,274.965,36.0645
1179, 3.631,282.52,33.3627
1182, 3.217,284.736,32.6896
1186, 4.464,283.626,36.8986
1188, 4.78,294.844,30.1533
1191, 4.709,292.943,34.453
1193, 4.991,296.069,37.3544
1194, 0,300.506,30.1281
1198, 4.574,305.965,32.1902
1199, 4.008,299.077,35.0834
1204, 4.904,302.357,36.8396
1205, 4.962,303.633,36.8063
1209, 4.044,307.349,30.3686
1211, 4.334,311.416,30.7197
1214, 4.815,308.476,35.2509
1216, 2.57,311.553,33.9703
1220, 3.3,318.234,30.2269
1225, 4.325,332.497,33.1782
1227, 3.016,340.751,30.2212
1239, 4.607,4.2729,38.6816
1245, 4.496,12.4535,41.0789
1251, 4.942,25.1451,40.577
1256, 4.804,32.1219,37.8591
1261, 4.253,42.6461,38.3187
1262, 3.539,46.2941,38.8403
1264, 4.961,40.5621,40.1939
1265, 4.69,44.6903,39.6627
1266, 4.732,47.8224,39.6116
1268, 3.889,47.3741,44.8575
1272, 3.813,56.2985,42.5786
1273, 4.954,50.3607,43.3297
1277, 4.797,63.7221,40.4837
1278, 4.374,69.1726,41.2648
1280, 4.847,78.3572,38.4845
1281, 3.888,75.6195,41.0758
1285, 4.623,87.2935,39.1811
1286, 4.087,87.8725,39.1485
1295, 4.931,99.8326,42.4889
1305, 4.415,125.709,43.1881
1306, 4.653,136.632,38.4522
1310, 4.909,143.766,39.6215
1316, 3.216,155.582,41.4995
1317, 4.742,158.308,40.4256
1320, 4.659,163.495,43.19
1321, 3.11,167.416,44.4985
1328, 4.309,188.436,41.3575
1331, 4.737,199.386,40.5726
1342, 3.577,225.487,40.3906
1346, 4.992,232.946,40.8993
1349, 4.664,238.169,42.4515
1353, 4.193,248.526,42.437
1355, 4.216,242.192,44.9349
1356, 3.577,250.724,38.9223
1364, 4.342,281.193,37.6051
1367, 4.373,288.44,39.146
1368, 4.476,289.092,38.1337
1373, 4.355,283.834,43.9461
1376, 4.93,298.966,38.4867
1383, 4.837,304.447,38.0329
1387, 2.273,305.557,40.2567
1389, 3.776,318.698,38.0454
1390, 3.932,314.293,41.1672
1391, 4.248,319.354,39.3947
1396, 4.749,313.311,44.3873
1397, 3.88,316.233,43.9279
1399, 4.99,323.694,38.5341
1405, 4.277,333.992,37.7487
1406, 4.657,333.47,39.7149
1419, 4.64,340.129,44.2763
1427, 0,354.836,44.4935
1429, 4.266,354.534,43.2681
1430, 4.126,355.102,44.3339
1434, 4.972,10.867,47.0245
1435, 4.775,10.5162,50.5125
1437, 4.988,20.5851,45.5288
1438, 4.874,21.9141,45.4067
1439, 4.284,17.3755,47.2418
1440, 3.719,24.4982,48.6282
1444, 4.011,25.9152,50.6887
1450, 4.895,36.4059,50.2786
1455, 4.492,52.6437,47.9952
1456, 4.295,54.1224,48.1926
1457, 4.107,47.2667,49.6133
1462, 4.715,52.3419,49.509
1464, 4.962,52.0128,49.0629
1467, 4.803,65.3882,46.4989
1470, 4.238,63.7244,48.4093
1471, 4.263,61.646,50.3512
1472, 4.6,64.5609,50.2955
1481, 4.516,89.9837,45.9367
1487, 4.896,104.405,45.0941
1494, 4.607,111.679,49.2115
1502, 4.8,122.114,51.5067
1508, 4.468,143.706,52.0515
1513, 3.818,176.513,47.7794
1516, 4.859,186.006,51.5623
1521, 4.685,203.614,49.016
1523, 4.535,213.371,51.79
1524, 4.181,214.096,46.0883
1529, 4.1,216.299,51.8507
1530, 4.763,214.041,51.3672
1537, 4.694,240.7,46.0367
1538, 3.854,244.935,46.3134
1541, 4.838,252.309,45.9833
1544, 3.763,264.866,46.0063
1557, 3.775,292.426,51.7298
1560, 4.832,303.325,46.8157
1561, 3.929,303.408,46.7413
1565, 4.534,294.111,50.2211
1574, 4.89,312.235,46.1141
1575, 4.157,303.868,47.7142
1577, 4.735,314.956,47.5209
1581, 4.92,307.515,48.9516
1588, 4.082,323.495,45.5918
1589, 4.703,316.65,47.6484
1594, 4.648,325.524,51.1896
1597, 4.523,335.256,46.5366
1598, 4.546,337.383,47.7069
1599, 4.591,336.129,49.4764
1601, 4.542,335.89,52.229
1606, 4.759,346.046,50.0521
1607, 4.558,348.138,49.4062
1608, 4.662,339.343,51.5451
1609, 3.964,354.391,46.4582
1611, 0,350.757,48.3652
1621, 4.728,14.1663,59.1811
1622, 4.957,13.7507,58.9727
1625, 4.791,23.4828,59.232
1631, 3.942,42.6742,55.8955
1633, 4.88,46.385,56.7057
1644, 4.43,74.3217,53.7521
1647, 3.832,89.8818,54.2847
1661, 4.448,104.319,58.4227
1671, 4.83,139.047,54.0219
1674, 4.563,148.027,54.0643
1678, 4.88,157.657,55.9805
1685, 2.399,178.458,53.6948
1692, 4.007,201.306,54.988
1694, 4.828,205.184,54.6816
1704, 4.987,239.448,54.7498
1707, 3.421,231.232,58.9661
1710, 4.881,251.324,56.7818
1713, 4.055,240.472,58.5653
1718, 0,276.751,54.8209
1719, 3.853,268.382,56.8726
1720, 4.832,278.144,57.0456
1724, 3.884,289.276,53.3685
1729, 4.765,282.8,59.3883
1733, 4.287,303.349,56.5677
1737, 4.571,311.338,57.5797
1745, 4.267,325.877,58.78
1746, 3.51,332.714,58.2013
1752, 4.207,337.293,58.4152
1756, 4.628,358.596,57.4994
1759, 4.998,356.764,58.652
1783, 4.627,37.2664,67.4024
1785, 4.712,49.997,65.6523
1790, 4.894,56.5097,63.345
1792, 4.625,57.3803,65.526
1795, 4.123,75.8545,60.4422
1805, 4.722,130.053,64.3279
1812, 4.684,137.729,63.5136
1813, 4.869,137.598,67.134
1814, 4.923,156.033,65.5664
1825, 4.783,207.858,64.7233
1831, 4.865,224.396,65.9325
1834, 4.977,250.23,64.589
1835, 4.937,254.007,65.1348
1841, 4.955,276.496,65.5635
1843, 4.58,290.167,65.7145
1851, 3.511,311.322,61.8388
1864, 4.446,330.948,64.628
1866, 3.611,342.42,66.2004
1873, 4.844,21.4834,68.13
1878, 4.953,29.0001,68.6852
1882, 4.647,30.4893,70.9071
1885, 4.84,47.9844,74.3937
1887, 4.611,57.5896,71.3323
1889, 4.758,94.7116,69.3198
1898, 4.942,135.636,67.6296
1899, 4.633,143.62,69.8303
1910, 3.987,172.851,69.3311
1921, 4.821,264.238,68.758
1924, 4.6,265.485,72.1488
1926, 4.21,275.189,71.3378
1927, 4.942,283.599,71.2972
1929, 3.165,288.139,67.6615
1932, 4.653,300.704,67.8736
1933, 4.757,293.09,69.6612
1934, 4.01,297.043,70.2679
1935, 4.593,288.888,73.3555
1940, 4.659,325.48,71.3114
1941, 4.888,332.452,72.3412
1943, 4.971,349.656,68.1115
1962, 4.699,105.017,76.9774
1967, 4.959,158.773,75.713
1969, 4.43,144.272,81.3264
1973, 4.401,216.881,75.696
1975, 4.963,212.212,77.5475
1979, 4.991,244.376,75.7553
1986, 4.312,251.493,82.0373
1989, 4.391,302.222,77.7114
1995, 4.609,346.974,75.3875
1997, 3.322,354.837,77.6323
2004, 4.364,17.187,86.2571
2013, 4.85,343.604,84.3462
2014, 4.916,341.871,83.1538
2017, 4.34,263.054,86.5865
2020, 4.727,1.33391,-5.70762
2021, 4.576,0.490078,-6.01407
2024, 4.941,13.2521,-1.14426
2056, 4.067,62.9664,-6.83758
2062, 4.395,73.2236,-5.4527
2065, 4.678,80.4406,-0.382463
2069, 4.884,82.4333,-1.09224
2074, 4.752,75.3598,-7.17397
2075, 3.556,79.4016,-6.8444
2078, 4.9,85.2113,-1.12878
2079, 4.607,83.8465,-4.83835
2086, 4.702,83.7612,-6.00202
2088, 4.565,82.9827,-7.30154
2090, 4.79,84.7212,-7.21283
2095, 4.669,90.014,-3.07426
2102, 4.117,93.7139,-6.27477
2111, 4.136,107.966,-0.492765
2121, 4.853,120.306,-1.39261
2122, 4.456,122.149,-2.98379
2129, 4.716,130.918,-7.23373
2135, 4.562,142.996,-1.18467
2136, 4.036,144.964,-1.14281
2138, 4.473,151.985,-0.371653
2144, 4.912,165.457,-2.48459
2146, 4.477,169.165,-3.6516
2147, 4.414,174.237,-0.823747
2148, 4.929,172.579,-3.0035
2150, 3.874,184.976,-0.666793
2158, 4.897,202.991,-6.25582
2161, 4.918,217.051,-2.22795
2165, 4.503,224.296,-4.34646
2177, 4.915,259.153,-0.445297
2178, 4.988,255.265,-4.22264
2181, 4.66,270.121,-3.69027
2182, 3.337,275.328,-2.89882
2188, 4.337,281.794,-4.74787
2189, 0,280.692,-5.73896
2190, 0,280.876,-6.73881
2192, 4.939,284.265,-5.84631
2198, 4.131,285.42,-5.73912
2203, 4.942,294.223,-7.02748
2207, 4.409,309.585,-1.10512
2209, 4.638,311.934,-5.0277
2217, 3.033,331.446,-0.319849
2219, 4.765,330.829,-2.15536
2228, 4.406,348.581,-6.049
2231, 4.989,359.668,-3.55598
2234, 3.674,4.85698,-8.82392
2237, 4.878,11.0475,-10.6096
2245, 3.573,17.1475,-10.1823
2249, 3.851,27.8651,-10.335
2250, 4.694,27.3963,-10.6864
2252, 4.862,36.4875,-12.2905
2259, 4.874,39.8909,-11.8722
2260, 4.216,41.0306,-13.8587
2261, 0,44.2309,-12.5882
2263, 4.821,48.9584,-8.81973
2264, 3.814,53.2327,-9.45826
2267, 3.622,55.8121,-9.76339
2270, 4.613,56.5356,-12.1016
2273, 3.129,59.5074,-13.5085
2283, 4.023,69.5451,-14.304
2285, 4.804,74.9822,-12.5374
2287, 4.211,77.2866,-8.75408
2288, 4.237,80.9868,-7.80806
2291, 4.436,78.0746,-11.8692
2292, 4.434,78.3078,-12.9413
2294, 4.239,79.8939,-13.1768
2301, 4.992,90.4601,-10.5979
2304, 4.669,91.5388,-14.9353
2312, 4.987,93.937,-13.7184
2317, 4.23,103.547,-12.0386
2319, 4.986,99.8197,-14.1458
2334, 4.039,115.312,-9.55113
2341, 4.82,122.818,-12.927
2349, 4.402,131.594,-13.5477
2351, 2.14,141.897,-8.6586
2352, 4.915,140.121,-9.5557
2353, 4.873,139.943,-11.9749
2360, 4.574,151.281,-13.0646
2361, 3.707,152.647,-12.3541
2362, 4.21,147.87,-14.8466
2371, 4.662,174.17,-9.80224
2373, 4.986,171.152,-10.8593
2376, 4.783,189.812,-7.99556
2383, 4.975,193.588,-9.53899
2393, 4.325,213.224,-10.2737
2394, 4.532,214.777,-13.3711
2395, 4.963,225.243,-8.51894
2400, 4.972,231.05,-10.3223
2401, 4.722,233.545,-10.0645
2406, 4.942,243,-10.0642
2407, 4.363,241.092,-11.3731
2410, 4.927,239.547,-14.2794
2412, 4.653,246.951,-8.37167
2413, 4.687,252.458,-10.783
2416, 4.329,260.207,-12.8469
2417, 4.616,264.461,-8.11877
2420, 4.24,265.354,-12.8753
2425, 3.42,269.757,-9.77363
2426, 4.77,275.915,-8.93441
2427, 3.991,278.802,-8.24407
2430, 4.734,280.568,-9.05255
2436, 4.684,277.299,-14.5658
2449, 4.342,304.412,-12.5082
2451, 4.741,305.166,-12.7591
2453, 3.151,305.253,-14.7814
2454, 4.756,313.163,-8.98332
2456, 3.758,311.919,-9.49578
2461, 4.601,317.399,-11.3717
2464, 4.7,324.438,-7.8542
2471, 4.268,334.208,-7.78329
2475, 4.261,331.609,-13.8697
2478, 4.815,337.662,-10.678
2481, 4.211,342.398,-13.5926
2484, 4.363,348.973,-9.08774
2485, 4.999,349.74,-9.61074
2490, 4.478,355.681,-14.5449
2494, 4.95,2.81608,-15.468
2496, 4.629,3.66007,-18.9329
2507, 4.167,30.0013,-21.0778
2508, 4.792,38.0218,-15.2446
2511, 4.521,41.2758,-18.5726
2512, 4.871,42.7597,-21.004
2515, 3.91,49.8792,-21.7579
2521, 4.528,70.1105,-19.6715
2529, 4.877,75.3566,-20.0519
2530, 3.334,76.3653,-22.371
2536, 3.879,87.8304,-20.8791
2537, 4.988,91.2464,-16.4844
2548, 4.564,99.4726,-18.2375
2550, 4.068,99.171,-19.2559
2552, 4.708,103.906,-20.1365
2554, 4.078,105.94,-15.6333
2558, 4.371,104.034,-17.0542
2560, 4.941,110.556,-19.0166
2564, 4.618,119.967,-18.3992
2572, 4.368,122.257,-19.245
2575, 4.983,130.431,-15.9434
2583, 4.849,141.827,-22.3438
2588, 3.985,156.523,-16.8363
2591, 4.195,164.944,-18.2988
2595, 4.813,176.191,-18.3507
2598, 4.338,188.018,-16.196
2602, 4.873,201.863,-15.9736
2609, 2.742,222.72,-16.0418
2617, 4.24,238.456,-16.7293
2619, 4.924,235.487,-19.6788
2625, 4.378,247.785,-16.6127
2626, 4.591,246.026,-20.0373
2627, 4.404,241.851,-20.8688
2632, 3.553,264.397,-15.3986
2653, 3.636,284.433,-21.1067
2654, 3.861,286.171,-21.7415
2656, 4.579,290.432,-15.955
2661, 3.935,290.418,-17.8472
2663, 4.991,289.409,-18.9529
2666, 4.99,296.591,-19.7611
2668, 4.967,307.215,-17.8137
2680, 4.377,320.562,-16.8345
2682, 4.823,325.665,-18.8663
2685, 4.602,322.181,-21.8072
2686, 0,329.508,-16.0353
2691, 4.83,340.897,-18.8304
2695, 4.802,347.479,-22.4576
2696, 4.538,351.512,-20.642
2698, 4.906,355.441,-17.8165
2701, 4.999,0.583012,-29.7204
2709, 4.274,14.6515,-29.3574
2712, 4.659,31.1227,-29.2968
2713, 4.95,38.4613,-28.2323
2716, 4.976,49.5921,-22.5111
2723, 4.266,56.712,-23.2497
2725, 4.603,58.4279,-24.6122
2731, 4.612,68.3773,-29.7665
2748, 4.041,103.533,-24.1842
2749, 2.999,105.756,-23.8333
2756, 3.656,105.43,-27.9348
2759, 4.004,108.703,-26.7727
2766, 4.927,109.668,-24.5587
2770, 4.857,109.146,-27.8812
2774, 4.616,114.706,-26.8018
2775, 4.401,114.708,-26.8038
2779, 4.617,113.845,-28.3693
2780, 4.265,119.215,-22.8801
2782, 3.452,117.324,-24.8598
2790, 4.884,133.882,-27.6819
2791, 4.158,132.633,-27.7098
2792, 4.973,129.927,-29.5611
2794, 4.784,137.012,-25.8585
2795, 4.905,140.373,-25.9654
2796, 4.814,140.801,-28.8339
2798, 4.736,145.321,-23.5915
2799, 4.984,145.56,-23.9156
2803, 4.848,146.05,-27.7695
2810, 4.956,166.333,-27.2936
2833, 3.368,211.593,-26.6824
2834, 4.937,215.774,-27.754
2842, 3.459,226.018,-25.282
2849, 3.75,234.256,-28.1351
2856, 4.694,238.403,-25.3271
2857, 4.622,237.745,-25.7513
2863, 3.833,239.221,-29.2141
2866, 4.665,245.159,-24.1693
2867, 2.911,245.297,-25.5928
2868, 4.759,247.552,-25.1152
2869, 4.543,243.076,-27.9264
2871, 4.785,244.575,-28.614
2873, 2.759,248.971,-28.216
2874, 0,250.412,-29.5117
2877, 4.189,261.593,-24.1753
2878, 4.795,262.854,-23.9626
2879, 4.656,266.89,-27.8308
2882, 4.317,261.839,-29.867
2883, 4.72,269.948,-23.8161
2889, 4.829,274.513,-27.0426
2891, 4.661,272.021,-28.4571
2892, 4.781,271.255,-29.5801
2893, 2.83,275.249,-29.8281
2899, 2.924,276.993,-25.4217
2901, 3.126,281.414,-26.9908
2906, 4.924,288.885,-25.2567
2908, 3.427,286.735,-27.6704
2913, 4.945,299.738,-26.1958
2914, 4.773,298.96,-26.2995
2915, 4.676,300.664,-27.7098
2919, 4.692,316.782,-25.0059
2920, 4.289,312.955,-26.9191
2932, 4.16,340.164,-27.0436
2939, 4.572,357.231,-28.1303
2953, 4.565,42.2726,-32.4059
2959, 4.947,55.5621,-31.9384
2962, 4.717,55.7086,-37.3135
2963, 4.267,57.3635,-36.2002
2964, 3.908,68.8877,-30.5623
2966, 4.123,66.0092,-34.0169
2969, 4.931,79.3712,-34.8952
2970, 4.711,76.1017,-35.483
2976, 3.983,82.8031,-35.4705
2979, 4.845,88.2787,-33.8014
2980, 4.32,89.3842,-35.2833
2982, 3.231,87.74,-35.7683
2985, 3.93,95.5284,-33.4364
2989, 4.436,97.0425,-32.5801
2993, 4.472,94.1381,-35.1405
2997, 4.977,91.8818,-37.2529
3018, 4.527,114.342,-34.9685
3020, 4.983,109.206,-36.5926
3021, 4.659,109.577,-36.734
3023, 2.866,109.286,-37.0975
3028, 4.793,119.417,-30.3346
3032, 4.983,125.346,-33.0544
3042, 4.744,123.373,-35.8995
3044, 4.46,124.639,-36.6593
3047, 3.631,130.898,-33.1864
3049, 4.057,130.026,-35.3084
3053, 4.668,138.938,-37.4131
3055, 4.658,142.311,-35.9513
3060, 4.424,156.788,-31.0678
3066, 4.707,164.179,-37.1378
3070, 3.632,173.25,-31.8576
3073, 4.674,175.053,-34.7447
3074, 4.345,178.227,-33.9081
3079, 4.889,192.672,-33.9993
3082, 4.272,206.422,-33.0437
3083, 2.732,200.149,-36.7123
3085, 4.717,208.302,-31.9276
3086, 4.497,207.957,-32.9941
3087, 4.416,207.361,-34.4508
3089, 2.158,211.671,-36.37
3091, 4.201,220.914,-35.1737
3092, 4.924,221.247,-35.1918
3096, 4.47,229.458,-30.1487
3097, 4.961,228.655,-31.5191
3099, 3.729,230.452,-36.2614
3100, 4.499,230.789,-36.8585
3102, 3.94,237.74,-33.6272
3104, 4.769,234.942,-34.4119
3105, 4.698,235.671,-34.7104
3112, 4.172,241.648,-36.8023
3115, 4.202,247.846,-34.7044
3116, 4.346,249.094,-35.2553
3121, 4.995,255.469,-32.1435
3124, 2.393,252.541,-34.2932
3125, 4.886,256.206,-34.1229
3127, 4.79,267.294,-31.7032
3134, 2.624,262.691,-37.2958
3136, 3.315,267.465,-37.0433
3138, 3.066,271.452,-30.4241
3143, 3.298,274.407,-36.7617
3147, 4.816,281.081,-35.642
3148, 4.903,284.681,-37.1073
3150, 4.409,286.605,-37.0635
3156, 4.325,299.934,-35.2763
3160, 4.999,312.492,-33.7797
3163, 4.752,315.323,-32.2578
3164, 4.717,319.485,-32.1725
3167, 4.323,326.237,-33.0258
3168, 4.988,332.537,-32.5484
3169, 4.502,332.096,-32.9885
3173, 2.971,328.482,-37.3649
3174, 4.28,337.876,-32.3461
3177, 4.315,343.987,-32.5396
3178, 4.502,343.131,-32.8756
3180, 4.531,349.706,-32.532
3183, 2.496,6.57094,-42.3061
3184, 3.953,6.55084,-43.6798
3192, 3.613,22.0914,-43.3182
3195, 4.736,39.95,-42.8917
3196, 4.226,40.1668,-39.8554
3198, 4.119,44.5685,-40.3047
3199, 4.336,49.9819,-43.0698
3200, 4.717,57.1495,-37.6202
3202, 4.689,54.2736,-40.2746
3205, 4.97,62.7108,-41.9936
3206, 3.966,63.5005,-42.2944
3209, 4.479,70.1405,-41.8638
3216, 4.057,89.7867,-42.8151
3222, 3.138,99.4403,-43.1959
3227, 4.787,107.213,-39.6557
3232, 4.767,108.385,-44.6397
3237, 4.788,114.864,-38.308
3241, 3.806,116.314,-37.9686
3244, 4.445,118.161,-38.8628
3247, 3.809,118.054,-40.5758
3248, 3.418,112.308,-43.3014
3252, 4.6,122.84,-39.6185
3253, 4.55,123.512,-40.3479
3255, 4.768,122.858,-42.9873
3258, 4.136,129.411,-42.9891
3269, 4.143,131.1,-42.6493
3271, 4.519,135.023,-41.2536
3273, 2.379,136.999,-43.4326
3279, 3.66,142.675,-40.4667
3288, 3.836,153.684,-42.1219
3289, 4.938,155.582,-41.65
3290, 4.383,165.039,-42.2259
3296, 4.962,176.629,-40.5004
3305, 4.613,189.969,-39.9873
3309, 4.922,198.013,-37.803
3311, 4.276,193.359,-40.1789
3320, 4.027,202.761,-39.4073
3323, 3.415,207.404,-42.4737
3324, 3.352,207.376,-41.6877
3325, 3.769,209.568,-42.1008
3326, 3.811,209.67,-44.8036
3327, 4.029,215.139,-37.8853
3328, 4.311,211.512,-41.1796
3329, 4.371,215.759,-39.5118
3334, 3.958,220.49,-37.7935
3335, 4.989,223.213,-37.8032
3339, 3.078,224.79,-42.1042
3342, 2.603,224.633,-43.134
3343, 4.289,222.91,-43.5754
3344, 4.778,228.207,-44.5004
3345, 4.592,231.334,-38.7336
3347, 3.157,230.343,-40.6475
3348, 2.954,233.785,-41.1668
3349, 4.451,233.785,-41.1668
3350, 4.497,234.513,-42.5673
3352, 3.337,230.67,-44.6896
3354, 4.676,233.972,-44.9583
3355, 4.681,235.297,-44.6612
3357, 3.367,240.031,-38.3967
3358, 4.857,240.851,-38.6025
3366, 4.91,248.521,-44.0453
3367, 3.508,253.084,-38.0175
3373, 0,253.931,-41.0098
3377, 4.817,253.499,-42.362
3378, 3.764,253.646,-42.3613
3380, 3.359,258.038,-43.2392
3382, 4.388,264.137,-38.6354
3384, 3.05,266.896,-40.127
3385, 4.833,267.546,-40.0904
3389, 4.982,269.198,-44.3422
3396, 4.725,278.376,-42.3125
3405, 4.095,287.368,-37.9045
3406, 4.227,287.507,-39.3408
3409, 4.693,287.087,-40.4967
3412, 4.721,285.779,-42.0951
3415, 3.927,290.972,-40.6159
3418, 4.235,298.815,-41.8683
3420, 3.935,290.66,-44.459
3421, 4.311,290.805,-44.7998
3422, 4.928,300.889,-37.9407
3437, 4.806,320.19,-40.8095
3441, 4.618,331.529,-39.5434
3443, 4.887,333.904,-41.3467
3446, 4.077,337.317,-43.4956
3447, 4.33,337.439,-43.7492
3450, 4.948,340.875,-41.4143
3455, 4.452,346.72,-43.5204
3456, 4.352,353.243,-37.8183
3457, 4.705,353.769,-42.6151
3458, 3.99,2.35266,-45.7474
3459, 4.706,10.3315,-46.085
3464, 4.755,7.85409,-48.8035
3468, 3.459,16.5211,-46.7185
3472, 4.598,28.4114,-46.3027
3473, 4.93,29.292,-47.3853
3474, 4.044,22.8129,-49.0727
3477, 3.798,28.9894,-51.6089
3478, 4.208,36.7463,-47.7038
3480, 3.52,34.1274,-51.5122
3487, 4.285,64.0066,-51.4866
3494, 3.87,86.8212,-51.0665
3503, 4.871,108.306,-45.1827
3505, 4.518,108.14,-46.7593
3507, 4.731,108.659,-48.2719
3508, 3.05,102.484,-50.6146
3509, 4.942,105.973,-49.5839
3518, 4.056,117.31,-46.3732
3526, 4.803,117.084,-47.0777
3527, 4.203,118.326,-48.1029
3529, 4.143,122.372,-47.3453
3534, 4.472,119.56,-49.2449
3535, 4.574,118.265,-49.613
3538, 0,129.679,-45.088
3542, 3.88,130.157,-46.6487
3544, 3.877,131.507,-46.0415
3546, 4.94,132.448,-45.3079
3547, 4.846,125.632,-48.4904
3550, 4.779,130.305,-47.3171
3563, 3.867,136.039,-47.0977
3566, 4.358,144.206,-49.355
3571, 4.966,143.537,-51.2553
3573, 4.702,147.919,-46.5476
3583, 4.824,152.234,-51.8113
3588, 2.815,161.692,-49.4202
3593, 4.609,177.786,-45.1735
3601, 3.848,189.426,-48.5413
3602, 3.864,187.01,-50.2306
3603, 4.77,190.648,-48.8131
3604, 2.817,190.379,-48.9598
3605, 2.881,190.379,-48.9598
3606, 4.419,182.022,-50.6613
3607, 2.515,182.09,-50.7224
3608, 3.918,182.913,-52.3685
3609, 4.783,186.632,-51.4506
3610, 4.669,196.57,-48.4633
3612, 4.475,193.279,-48.9433
3613, 4.828,195.889,-49.5273
3614, 4.228,196.728,-49.9062
3621, 4.405,210.431,-45.6034
3627, 4.738,206.664,-51.4328
3630, 4.807,215.177,-45.1871
3631, 3.5,214.851,-46.0581
3632, 4.527,216.534,-45.2214
3633, 4.401,216.545,-45.3793
3641, 4.392,218.154,-50.4572
3642, 4.007,219.472,-49.4258
3644, 4.021,227.211,-45.2798
3646, 4.561,226.28,-47.0512
3647, 4.598,226.28,-47.0512
3651, 4.928,229.633,-47.8752
3652, 4.994,229.633,-47.8752
3653, 3.833,227.984,-48.7378
3656, 3.5,228.071,-52.0992
3658, 4.743,241.623,-45.1732
3661, 4.508,246.796,-47.5548
3663, 4.746,240.804,-49.2297
3666, 4.122,244.96,-50.1555
3673, 4.561,263.915,-46.5057
3676, 2.793,262.96,-49.8761
3677, 4.799,265.099,-49.4156
3682, 4.62,272.807,-45.9544
3684, 4.902,277.939,-45.9148
3685, 3.436,276.743,-45.9685
3689, 3.635,271.658,-50.0915
3690, 4.22,277.208,-49.0706
3702, 3.203,309.392,-47.2915
3703, 4.53,311.01,-51.921
3708, 2.287,340.667,-46.8846
3710, 3.988,347.59,-45.2467
3712, 3.479,342.139,-51.3169
3714, 4.736,354.462,-45.4923
3718, 4.359,10.8385,-57.4631
3722, 3.997,17.0962,-55.2458
3728, 4.554,64.121,-59.3022
3730, 4.767,76.3777,-57.4727
3733, 4.616,87.4569,-56.1667
3734, 4.685,92.5746,-54.9686
3736, 4.363,98.7441,-52.9756
3737, 4.51,102.464,-53.6224
3748, 3.404,119.195,-52.9824
3757, 4.789,130.606,-53.114
3758, 3.545,130.073,-52.9219
3762, 4.957,128.832,-58.0092
3764, 4.454,131.677,-56.7698
3767, 4.292,130.154,-59.761
3768, 4.702,134.08,-52.7235
3776, 4.518,139.05,-57.5415
3777, 3.326,142.805,-57.0344
3781, 4.866,134.243,-59.2293
3782, 0,137.26,-58.681
3784, 3.381,137.742,-58.9669
3786, 4.078,143.611,-59.2298
3787, 4.946,157.841,-53.7155
3788, 3.5,149.216,-54.5678
3789, 4.49,155.228,-56.0432
3790, 4.739,154.903,-55.0293
3792, 4.379,159.827,-55.6033
3796, 4.628,158.897,-57.5576
3797, 4.736,156.852,-57.6388
3801, 3.848,156.97,-58.7394
3802, 4.894,159.687,-59.183
3806, 3.873,170.252,-54.491
3811, 3.882,163.374,-58.8532
3813, 4.052,167.147,-58.975
3816, 4.595,173.69,-54.2641
3822, 2.721,183.786,-58.7489
3827, 4.594,191.595,-56.4888
3829, 4.951,193.654,-57.1687
3830, 3.938,193.648,-57.1779
3833, 4.904,190.486,-59.6858
3834, 4.578,193.663,-59.1467
3835, 4.578,198.073,-59.9206
3839, 4.84,212.478,-53.4389
3847, 4.347,215.081,-56.3865
3859, 4.697,240.884,-57.7751
3864, 3.932,252.446,-59.0414
3865, 4.218,254.896,-53.1604
3868, 3.276,254.655,-55.9901
3869, 2.968,261.325,-55.5299
3878, 4.829,284.616,-52.9386
3890, 3.778,313.703,-58.4542
3891, 4.43,329.479,-54.9926
3893, 4.826,330.84,-56.786
3896, 4.977,341.408,-53.5001
3898, 4.222,345.22,-52.7541
3903, 4.033,349.357,-58.2357
3906, 4.286,5.01776,-64.8748
3907, 4.282,7.88612,-62.9582
3908, 4.505,7.88945,-62.9656
3916, 4.986,44.6991,-64.0713
3918, 4.74,59.6865,-61.4002
3919, 4.7,60.2242,-62.1593
3922, 3.425,63.6062,-62.4739
3923, 4.75,52.3445,-62.9375
3924, 3.959,56.0499,-64.8069
3931, 3.911,83.4063,-62.4898
3933, 4.948,78.4394,-67.1853
3935, 4.759,88.5253,-63.0897
3937, 3.262,102.048,-61.9413
3939, 4.353,86.1932,-65.7355
3948, 4.792,122.253,-61.3024
3950, 3.802,133.762,-60.6446
3955, 3.886,126.434,-66.1369
3957, 4.011,135.612,-66.3961
3958, 4.487,144.837,-61.3281
3960, 3.536,154.271,-61.3323
3961, 3.915,137.82,-62.317
3962, 4.903,140.237,-62.4046
3964, 3.905,146.312,-62.5079
3966, 3.025,146.776,-65.072
3970, 4.754,160.885,-60.5666
3971, 4.679,168.15,-60.3176
3973, 4.719,166.635,-62.4241
3977, 4.714,160.559,-64.4664
3981, 4.938,155.742,-66.9015
3986, 4.199,176.628,-61.1784
3987, 3.734,185.34,-60.4011
3989, 3.092,173.945,-63.0198
3995, 4.7,181.08,-63.1657
3996, 4.348,180.756,-63.3129
3998, 4.799,186.629,-63.1222
4002, 4.968,177.963,-65.2059
4003, 4.177,181.72,-64.6137
4004, 4.011,184.609,-64.0031
4005, 3.638,176.402,-66.7288
4006, 4.915,177.061,-66.8149
4008, 4.803,191.409,-60.9813
4011, 4.487,200.658,-60.9884
4016, 4.619,201.002,-64.5357
4021, 4.824,209.412,-63.6867
4023, 3.189,220.627,-64.9751
4035, 4.99,229.412,-63.6105
4040, 4.234,234.18,-66.317
4042, 3.962,243.859,-63.6857
4047, 3.563,262.775,-60.6838
4052, 4.359,272.145,-63.6685
4053, 3.714,266.433,-64.7239
4055, 4.54,275.807,-61.4939
4057, 4.593,277.843,-62.2783
4059, 4.793,281.362,-64.8713
4061, 4.439,284.238,-67.2335
4065, 3.616,302.182,-66.1821
4067, 4.901,309.397,-61.5299
4068, 4.782,308.895,-60.5817
4071, 3.431,311.24,-66.2032
4073, 2.998,334.625,-60.2596
4076, 4.494,336.833,-64.9664
4082, 4.997,359.396,-64.2982
4083, 4.473,359.979,-65.5771
4086, 4.997,18.9423,-68.876
4089, 4.789,28.7339,-67.6473
4092, 4.088,39.8973,-68.2669
4093, 4.075,35.4373,-68.6594
4094, 4.829,41.386,-67.6166
4098, 3.436,56.8098,-74.239
4105, 4.051,109.208,-67.9572
4108, 3.86,107.187,-70.4989
4110, 4.059,115.455,-72.6061
4111, 4.378,121.983,-68.6171
4115, 4.627,136.41,-70.5385
4118, 4.536,136.287,-72.6027
4125, 3.271,153.434,-70.0379
4127, 4.715,157.584,-71.9928
4129, 4.02,156.099,-74.0316
4134, 4.332,184.393,-67.9607
4135, 2.622,189.296,-69.1356
4139, 3.804,188.117,-72.133
4140, 4.765,198.812,-67.8946
4147, 3.736,195.568,-71.5489
4150, 2.849,229.727,-68.6795
4159, 2.052,252.166,-69.0277
4160, 4.895,260.498,-67.7707
4161, 4.963,247.117,-70.0844
4167, 4.129,280.759,-71.4281
4172, 3.938,300.148,-72.9105
4181, 4.926,0.398649,-77.0657
4182, 2.855,6.43783,-77.2543
4185, 4.895,42.6186,-75.0669
4189, 0,63.1658,-80.1887
4199, 4.095,124.631,-76.9197
4200, 4.467,125.161,-77.4845
4201, 4.277,158.867,-78.6078
4205, 0,133.745,-82.0758
4212, 4.908,179.907,-78.2219
4216, 4.404,161.446,-80.5402
4217, 4.209,184.587,-79.3122
4222, 3.968,221.965,-79.0448
4223, 4.92,214.558,-81.0078
4227, 4.902,245.087,-78.6957
4228, 4.346,250.769,-77.5174
4229, 3.957,248.363,-78.8971
4238, 4.155,341.515,-81.3816
4246, 4.453,216.73,-83.6679
