1, 8.09906,6.95547,5.663
2, 19.4498,3.61446,5.236
3, 0,0,5.894
4, 28.389,3.18753,5.796
5, 30.7985,0.128505,5.621
6, 30.5117,2.76374,4.048
7, 30.5117,2.76374,5.445
8, 0,0,3.794
9, 0,0,3.644
10, 38.9686,5.59324,5.96
11, 45.5938,4.35289,5.487
12, 45.5699,4.08974,4.687
13, 49.8404,3.3702,5.67
14, 54.2183,0.401662,4.973
15, 56.4185,6.04999,5.2
16, 58.0009,6.53483,5.814
17, 67.1338,1.38082,5.406
18, 61.0411,2.82694,5.936
19, 63.9428,3.26324,0
20, 60.9359,5.43562,5.199
21, 60.7891,5.9893,3.939
22, 69.307,0.998313,5.165
23, 73.7113,0.467164,5.834
24, 0,0,3.465
25, 68.5344,5.56862,5.747
26, 72.8015,5.6051,3.458
27, 72.46,6.96128,3.723
28, 81.4459,0.520241,5.934
29, 82.4782,1.78926,5.51
30, 81.1868,1.84645,4.636
31, 79.7967,2.59581,5.821
32, 80.7083,3.54445,4.775
33, 81.7093,3.09565,4.332
34, 89.7066,0.552978,5.226
35, 82.8106,3.29221,5.501
36, 83.5699,3.76689,5.404
37, 84.7964,4.12146,4.375
38, 82.6961,5.94815,4.279
39, 82.6961,5.94815,5.68
40, 92.2413,2.4997,5.757
41, 95.942,4.59287,4.629
42, 93.9174,6.06617,5.902
43, 98.816,0.890219,5.77
44, 100.273,0.495315,5.648
45, 102.265,1.00206,5.963
46, 101.965,2.41216,5.887
47, 100.911,3.93253,5.81
48, 98.2259,7.33297,4.485
49, 110.514,0.177121,5.881
50, 0,0,0
51, 106.777,4.91058,5.932
52, 112.009,6.94197,5.5
53, 117.925,1.76687,4.964
54, 113.566,3.37172,5.785
55, 113.025,1.91448,5.498
56, 113.299,3.29038,5.96
57, 115.396,3.62477,5.898
58, 120.308,4.87982,5.654
59, 130.806,3.39866,4.037
60, 129.414,5.70378,4.152
61, 131.694,6.41878,4.25
62, 132.108,5.83781,4.305
63, 133.848,5.94551,4.387
64, 138.591,2.31427,3.803
65, 148.051,2.45413,5.97
66, 165.187,6.10145,5.175
67, 166.254,7.33601,5.009
68, 170.284,6.02932,3.972
69, 177.674,1.76472,4.256
70, 179.987,3.6552,5.351
71, 180.218,6.61433,4.79
72, 193.901,3.39747,5.382
73, 190.488,6.80661,5.559
74, 200.424,2.08724,5.748
75, 203.533,3.65897,4.975
76, 210.412,1.54453,4.362
77, 213.066,2.40943,4.841
78, 216.047,5.82013,5.259
79, 221.562,1.89288,3.72
80, 221.376,0.717272,5.659
81, 229.828,1.76541,5.693
82, 228.954,0.372141,5.845
83, 232.159,1.84208,5.43
84, 225.725,2.0913,5.725
85, 236.348,5.44732,5.604
86, 237.704,4.47773,3.885
87, 0,0,4.142
88, 236.611,7.35307,5.138
89, 245.518,1.02904,5.221
90, 246.045,6.94821,5.836
91, 252.854,1.21597,5.582
92, 247.728,1.98396,4.19
93, 247.728,1.98396,5.236
94, 248.149,5.52122,5.559
95, 250.161,4.21979,5.751
96, 251.943,5.24674,5.206
97, 252.581,7.24768,5.613
98, 259.132,1.21055,5.951
99, 262.207,0.330627,5.697
100, 269.077,0.670353,5.894
101, 266.973,2.70728,3.789
102, 265.868,4.5673,4.28
103, 270.438,1.30507,4.464
104, 276.802,0.196083,5.946
105, 270.161,2.93156,3.956
106, 271.364,2.49979,5.18
107, 275.217,3.37717,5.994
108, 270.066,4.36862,4.637
109, 276.995,6.1941,5.66
110, 281.208,2.06004,4.936
111, 284.319,2.53535,5.549
112, 0,0,0
113, 284.055,4.2036,4.776
114, 284.061,4.2021,5.153
115, 279.163,6.67181,5.855
116, 291.63,0.338565,5.341
117, 288.428,2.29371,5.035
118, 291.375,3.11479,3.738
119, 292.087,2.93003,5.828
120, 292.254,1.95045,5.894
121, 289.129,4.83479,5.673
122, 287.25,6.07321,5.634
123, 298.118,1.00566,5.066
124, 298.687,0.273629,5.729
125, 294.799,5.39778,5.177
126, 293.522,7.37894,5.96
127, 298.828,6.40676,4.789
128, 311.951,6.00819,5.621
129, 319.818,1.43885,0
130, 318.956,5.24787,4.552
131, 320.723,6.81114,5.23
132, 326.808,2.68613,5.633
133, 324.633,5.77174,5.972
134, 336.319,1.3774,4.568
135, 331.086,4.28277,0
136, 330.033,6.71744,5.838
137, 0,0,3.612
138, 335.115,5.7895,5.322
139, 351.733,1.25561,4.982
140, 345.969,3.82005,4.339
141, 349.291,3.28229,4.845
142, 351.992,6.37899,5.647
143, 357.364,1.07613,5.962
144, 355.512,1.78004,4.741
145, 354.988,5.62629,4.718
146, 359.828,6.86332,4.493
147, 2.50918,11.1458,5.44
148, 15.7359,7.89013,5.479
149, 18.4329,7.57536,5.512
150, 26.3485,9.15775,5.477
151, 0,0,5.947
152, 33.25,8.84673,5.464
153, 37.0398,8.46007,4.223
154, 36.2044,10.6106,5.344
155, 0,0,4.567
156, 41.2399,12.4458,5.444
157, 41.2356,10.1141,4.635
158, 0,0,3.647
159, 53.1498,9.37344,5.669
160, 51.2033,9.02887,4.721
161, 47.6616,11.8726,5.887
162, 52.602,11.3364,5.084
163, 52.7182,12.9367,5.551
164, 60.4423,9.99802,5.688
165, 60.9858,8.19727,5.863
166, 57.0678,11.1433,4.91
167, 60.1701,12.4903,3.265
168, 63.3879,7.71605,5.711
169, 63.8836,8.89236,4.19
170, 63.651,10.0114,5.096
171, 66.8699,11.2123,5.915
172, 65.9659,9.46097,5.202
173, 68.9136,10.1608,4.454
174, 67.209,13.0476,5.276
175, 61.5653,14.227,0
176, 62.2565,13.3983,5.987
177, 64.9904,14.0352,5.906
178, 66.6516,14.7138,5.917
179, 68.4622,14.8444,4.933
180, 67.6557,13.7244,5.713
181, 69.7757,7.87098,5.682
182, 72.653,8.90018,4.369
183, 71.1076,11.1461,5.689
184, 73.7239,10.1508,4.749
185, 69.5394,12.5108,4.425
186, 70.0142,12.1976,5.29
187, 71.5073,11.7056,5.59
188, 73.6954,11.426,5.325
189, 74.0928,13.5145,5.577
190, 76.9703,8.49847,5.824
191, 80.4315,8.42855,5.62
192, 84.2266,9.29067,5.287
193, 77.3318,9.82958,5.726
194, 83.8052,10.2401,5.765
195, 83.7845,9.93415,3.306
196, 83.7052,9.48958,4.181
197, 0,0,0
198, 79.0172,11.3414,5.501
199, 83.4762,14.3056,5.435
200, 84.5047,7.54142,5.775
201, 84.3305,8.95187,5.885
202, 89.1168,9.5094,5.908
203, 90.5958,9.6473,4.333
204, 87.3872,12.6513,4.798
205, 86.8048,14.4883,5.808
206, 86.9288,13.8996,5.066
207, 88.0929,14.1718,5.521
208, 91.893,14.7685,4.199
209, 0,0,0
210, 94.2776,9.94239,5.514
211, 93.9374,12.5511,5.468
212, 94.1109,12.2722,5.534
213, 99.1327,11.2808,0
214, 97.9512,11.5444,5.431
215, 92.985,14.2088,4.231
216, 93.7853,13.8511,5.607
217, 0,0,0
218, 101.635,8.58715,5.688
219, 100.244,9.89575,4.374
220, 104.108,9.95657,5.771
221, 101.322,12.8956,3.853
222, 100.997,13.228,5.978
223, 103.661,13.1778,5.058
224, 0,0,2.761
225, 111.242,11.6695,5.493
226, 116.568,10.7683,5.255
227, 121.269,13.1182,5.148
228, 124.129,9.18554,5.475
229, 122.819,9.82123,5.93
230, 131.188,10.0817,5.53
231, 134.622,11.8577,4.427
232, 136.937,10.6682,5.096
233, 145.288,9.89231,4.099
234, 149.556,12.4448,5.202
235, 156.912,9.76239,5.965
236, 158.203,9.30659,3.636
237, 158.759,8.65043,5.846
238, 162.314,10.5452,5.349
239, 170.981,10.5295,4.484
240, 176.321,8.25812,5.045
241, 176.979,8.24589,5.354
242, 181.302,8.73297,5.346
243, 191.404,7.67333,5.589
244, 190.471,10.2356,4.958
245, 184.001,14.8991,5.17
246, 195.544,10.9591,3.996
247, 192.226,14.1226,5.736
248, 199.194,9.42416,5.894
249, 204.894,10.7463,5.978
250, 202.108,13.7788,5.843
251, 215.845,8.44665,5.03
252, 214.818,13.0043,5.862
253, 220.287,13.7283,4.546
254, 220.287,13.7283,4.616
255, 224.055,14.4463,5.858
256, 233.701,10.5389,4.447
257, 235.448,12.8475,5.358
258, 236.822,14.1154,5.833
259, 241.906,9.89174,5.882
260, 246.354,14.0333,4.575
261, 252.394,13.2612,5.945
262, 254.417,9.37503,4.669
263, 253.502,10.1654,4.237
264, 256.345,12.7408,5.039
265, 255.914,13.6053,5.919
266, 258.662,14.3904,5.077
267, 263.653,9.5867,5.839
268, 271.826,8.73387,5.838
269, 0,0,3.881
270, 279.116,9.1225,5.82
271, 0,0,0
272, 286.744,11.0712,5.002
273, 286.863,11.7045,0
274, 289.454,11.5954,5.506
275, 289.914,12.3747,5.822
276, 284.774,13.6222,5.898
277, 286.353,13.8635,2.993
278, 289.112,14.5446,5.645
279, 296.565,10.6133,4.718
280, 297.757,10.4157,5.776
281, 295.642,11.8266,5.985
282, 295.273,13.8157,5.888
283, 299.059,11.4237,5.29
284, 302.866,14.8986,0
285, 309.782,10.0862,5.918
286, 308.488,13.0273,5.479
287, 309.455,11.3777,5.484
288, 0,0,3.871
289, 313.911,12.5686,5.687
290, 308.827,14.6742,4.768
291, 309.387,14.5951,4.152
292, 317.585,10.1316,5.014
293, 318.62,10.007,5.087
294, 325.637,10.8243,5.897
295, 0,0,4.391
296, 329.235,12.0765,5.597
297, 335.248,10.8792,0
298, 330.829,11.3865,5.75
299, 335.379,12.2052,4.668
300, 343.1,9.83567,5.722
301, 343.807,8.81615,4.904
302, 341.673,12.1729,4.779
303, 0,0,3.297
304, 347.506,9.82209,5.287
305, 347.934,8.72011,5.305
306, 352.289,12.7606,5.725
307, 358.155,10.9473,5.529
308, 0,0,2.565
309, 9.19714,15.2317,5.677
310, 12.2446,16.9406,5.674
311, 13.6468,19.1884,5.796
312, 18.5318,16.1335,5.854
313, 22.8709,15.3458,4.842
314, 21.5636,19.1723,5.789
315, 16.4207,21.4732,5.266
316, 16.4238,21.4655,5.395
317, 17.8634,21.0347,5.955
318, 16.9882,20.7391,5.722
319, 27.0456,16.9555,5.804
320, 0,0,4.553
321, 0,0,4.491
322, 0,0,2.827
323, 34.5314,19.9012,5.587
324, 33.2004,21.211,5.747
325, 39.7041,21.9614,5.65
326, 41.1374,15.3119,5.747
327, 42.3232,17.4643,5.214
328, 42.8733,15.0821,5.388
329, 46.857,17.88,5.969
330, 47.9074,19.7267,5.658
331, 40.5914,20.0115,5.71
332, 44.803,21.3403,5.227
333, 44.803,21.3403,5.617
334, 55.5789,19.7003,5.649
335, 48.7254,21.0444,4.86
336, 50.3068,21.1471,5.24
337, 61.1738,22.0819,5.708
338, 65.8544,16.7773,5.996
339, 64.9483,15.6276,4.885
340, 65.1513,15.0954,5.523
341, 67.6401,16.194,4.982
342, 67.1437,15.9622,5.039
343, 67.1656,15.8709,3.623
344, 67.662,15.6919,5.762
345, 66.5864,15.6183,4.78
346, 69.8188,15.918,4.868
347, 69.7884,15.7999,5.238
348, 65.7337,17.5425,4.992
349, 66.024,17.4441,4.997
350, 66.3724,17.9279,4.318
351, 0,0,0
352, 64.3153,20.5786,5.227
353, 67.1542,19.1804,4.813
354, 64.9029,21.7735,5.205
355, 64.5967,21.5793,5.973
356, 64.8587,21.1423,5.398
357, 66.3424,22.2939,4.38
358, 66.3542,22.2,5.56
359, 69.566,20.6847,5.831
360, 73.959,15.0403,5.685
361, 77.4248,15.5972,5.187
362, 76.1423,15.4041,4.598
363, 76.8625,18.6451,5.699
364, 72.8436,18.8399,5.344
365, 76.9517,20.4184,5.428
366, 75.7739,21.59,4.825
367, 81.94,15.874,5.529
368, 85.3238,16.5341,4.679
369, 86.6896,15.8225,5.896
370, 80.7563,17.7417,0
371, 81.7921,17.9622,5.28
372, 81.1061,17.3835,5.63
373, 83.3818,18.5402,5.632
374, 84.2656,17.0403,5.802
375, 86.8591,17.7291,5.822
376, 81.9087,21.937,4.682
377, 0,0,2.759
378, 87.0932,20.8695,5.944
379, 93.8547,16.1432,5.185
380, 93.0137,16.1304,4.768
381, 88.7362,19.7496,5.712
382, 88.5957,20.2762,5.103
383, 90.9799,20.1384,4.893
384, 90.864,19.6906,4.997
385, 93.0056,19.7905,5.677
386, 93.712,19.1564,5.708
387, 102.458,16.2029,5.694
388, 102.76,16.0893,0
389, 100.601,17.6453,5.299
390, 97.2408,20.2121,3.975
391, 102.888,21.7611,5.27
392, 109.523,16.5404,3.709
393, 106.027,20.5703,5.099
394, 106.365,22.1498,0
395, 0,0,3.921
396, 111.935,21.4453,5.751
397, 113.402,15.8267,5.328
398, 118.916,19.884,5.323
399, 120.376,16.4553,5.968
400, 123.053,17.6477,5.848
401, 134.397,15.5813,5.942
402, 134.312,15.3228,5.414
403, 131.171,18.1543,5.311
404, 130.821,21.4685,4.68
405, 145.901,17.3061,0
406, 0,0,3.462
407, 150.704,21.9493,5.434
408, 154.934,19.4709,5.332
409, 165.582,20.1798,4.472
410, 168.56,15.4296,3.322
411, 0,0,2.71
412, 173.649,19.5385,0
413, 178.919,15.6468,5.666
414, 176.996,20.2189,5.179
415, 185.179,17.7929,5.993
416, 187.43,20.8961,5.777
417, 197.497,17.5294,4.915
418, 206.816,17.4569,5.064
419, 205.169,19.9557,5.781
420, 0,0,3.38
421, 209.662,21.6962,5.747
422, 221.31,16.9643,5.818
423, 220.182,16.4183,4.77
424, 216.614,19.2269,5.692
425, 0,0,5.575
426, 236.547,15.4218,3.747
427, 0,0,4.4
428, 235.388,19.6704,4.584
429, 0,0,4.064
430, 0,0,3.943
431, 261.131,16.301,5.831
432, 261.705,20.081,5.359
433, 265.494,15.9525,5.994
434, 266.784,17.697,5.69
435, 270.377,21.5958,5.019
436, 270.596,20.8336,5.117
437, 277.769,16.9286,5.821
438, 278.803,18.2034,5.778
439, 272.22,20.0452,5.301
440, 272.19,20.8146,4.13
441, 275.925,21.7697,5.358
442, 284.906,15.0683,5.383
443, 281.755,18.1815,4.501
444, 281.416,20.5463,4.734
445, 282.222,19.3287,5.913
446, 283.068,21.4251,5.285
447, 295.024,18.0139,5.325
448, 295.262,17.476,5.698
449, 291.555,20.0977,5.589
450, 293.645,19.7734,4.869
451, 289.054,21.3904,4.655
452, 288.822,21.2321,5.791
453, 290.72,22.469,0
454, 299.439,16.7892,5.469
455, 300.875,16.0313,5.526
456, 303.569,15.1976,5.028
457, 296.847,18.5343,5.522
458, 297.244,19.142,5.13
459, 299.689,19.4921,5.574
460, 301.153,18.8459,0
461, 0,0,3.703
462, 309.771,15.8382,5.779
463, 310.865,15.0746,4.762
464, 311.665,16.1243,5.534
465, 311.662,16.1241,5.646
466, 309.631,21.2012,4.774
467, 326.128,17.35,5.798
468, 0,0,5.789
469, 320.522,19.8045,5.493
470, 324.439,19.3186,5.816
471, 327.893,19.8267,5.637
472, 328.406,19.6684,5.702
473, 331.96,21.7029,5.676
474, 0,0,2.456
475, 354.487,18.4007,5.481
476, 7.53069,29.7516,5.523
477, 0,0,5.488
478, 14.3017,23.4177,5.602
479, 9.63894,29.3118,5.428
480, 19.8666,27.2641,4.804
481, 29.4822,23.5961,5.114
482, 0,0,3.487
483, 31.6414,22.6483,5.193
484, 32.3556,25.9399,5.385
485, 31.7051,25.7046,5.985
486, 28.2705,29.5788,3.984
487, 40.863,27.7072,4.482
488, 40.1711,27.0609,5.401
489, 34.7375,28.6427,5.316
490, 37.0416,29.6693,5.641
491, 42.1913,25.1881,5.852
492, 46.3612,25.2552,5.433
493, 42.496,27.2605,3.478
494, 48.0594,27.257,5.652
495, 0,0,0
496, 41.9773,29.2471,5.939
497, 47.4031,29.0771,5.876
498, 48.5738,28.7613,0
499, 56.4567,24.3678,3.775
500, 56.2009,24.2895,5.384
501, 0,0,3.558
502, 57.2967,24.1367,4.939
503, 0,0,2.77
504, 57.2906,24.0534,3.517
505, 56.5816,23.9483,4.085
506, 57.0867,23.4212,5.362
507, 56.2906,24.8393,5.561
508, 56.477,24.5545,5.706
509, 56.3021,24.4673,4.158
510, 57.5789,25.5794,5.501
511, 66.8227,22.9963,5.389
512, 66.5769,22.8136,4.599
513, 65.6456,25.6293,5.339
514, 61.6517,27.5999,5.011
515, 62.7078,26.481,5.78
516, 61.7519,29.0013,5.609
517, 70.5613,22.9569,4.11
518, 74.5391,25.0504,5.813
519, 68.6583,28.9611,5.813
520, 70.3323,28.615,5.743
521, 77.0276,24.2652,5.534
522, 82.3187,25.1502,5.754
523, 80.3029,29.5699,5.74
524, 83.863,24.0396,5.254
525, 0,0,5.208
526, 84.9342,25.8971,4.977
527, 89.4986,25.9539,4.703
528, 88.3319,27.6123,4.54
529, 0,0,5.451
530, 92.4333,23.1135,5.973
531, 0,0,5.005
532, 98.8003,28.0223,5.249
533, 93.8445,29.4981,5.613
534, 99.5959,28.9843,5.77
535, 106.327,22.6375,5.965
536, 100.983,25.1311,4.83
537, 104.217,24.6188,0
538, 107.846,26.8566,5.898
539, 116.112,24.398,4.741
540, 112.335,28.1183,5.217
541, 111.432,27.7981,5.086
542, 115.828,28.8835,5.675
543, 125.134,24.0223,5.852
544, 118.374,26.7658,5.092
545, 125.016,27.2177,5.672
546, 123.287,29.6565,5.528
547, 131.674,28.7599,5.252
548, 135.684,24.4529,5.396
549, 146.463,23.7743,3.955
550, 147.971,24.3954,5.575
551, 148.191,26.007,5.489
552, 145.889,29.9745,5.77
553, 0,0,3.795
554, 154.06,29.3105,5.508
555, 160.854,23.1884,5.122
556, 163.903,24.7497,4.484
557, 167.205,24.6585,5.776
558, 160.758,26.3256,5.726
559, 186.077,26.0986,5.249
560, 187.228,25.9128,5.204
561, 185.626,25.8462,5.384
562, 187.752,24.5672,5.518
563, 187.363,24.1089,5.98
564, 188.713,22.6292,4.778
565, 184.377,28.9372,5.908
566, 186.734,28.2684,5.788
567, 186.6,27.2682,5.232
568, 186.747,26.8257,5.075
569, 192.323,27.5524,5.814
570, 192.925,27.5407,5.724
571, 197.968,27.8782,4.946
572, 201.278,23.8544,5.858
573, 212.6,25.0917,5.451
574, 0,0,4.872
575, 221.247,27.0742,3.937
576, 218.67,29.7451,4.881
577, 222.493,28.6158,5.866
578, 226.825,24.8692,5.432
579, 228.621,29.1643,5.345
580, 231.957,29.1057,3.99
581, 240.574,22.8045,4.912
582, 235.686,26.2956,3.866
583, 239.397,26.8779,5.732
584, 237.399,26.0684,5.568
585, 240.361,29.8511,4.911
586, 244.187,29.1503,5.857
587, 258.758,24.8392,3.219
588, 261.027,22.9603,5.965
589, 264.38,24.31,5.891
590, 260.041,25.5376,5.429
591, 260.226,24.4994,5.119
592, 266.615,27.7207,4.336
593, 262.957,28.4075,5.645
594, 268.855,26.05,5.891
595, 271.956,26.0973,5.957
596, 269.441,29.2479,4.859
597, 271.886,28.7625,3.799
598, 275.237,29.8589,5.89
599, 275.254,28.87,5.371
600, 277.399,23.8662,5.743
601, 283.687,22.6451,5.541
602, 276.495,29.8289,5.885
603, 286.66,24.2508,5.908
604, 289.432,23.0255,5.426
605, 285.322,26.2914,5.579
606, 290.712,26.2624,5.036
607, 292.689,27.9653,4.863
608, 292.68,27.9597,4.439
609, 286.657,28.6286,5.86
610, 291.032,29.6213,4.822
611, 298.629,24.3194,5.529
612, 298.365,24.0796,4.563
613, 297.767,22.61,4.694
614, 300.436,24.8004,5.7
615, 300.275,27.7536,4.874
616, 301.723,23.6144,4.846
617, 305.642,23.2335,0
618, 309.633,24.116,4.884
619, 303.816,25.5919,4.538
620, 305.514,24.4461,5.407
621, 302.64,26.9042,5.614
622, 303.003,26.4788,5.767
623, 309.269,26.4619,5.517
624, 307.677,27.9245,0
625, 303.561,28.6948,5.409
626, 313.032,27.097,5.603
627, 326.161,25.645,4.632
628, 321.917,27.6086,5.437
629, 326.036,28.7426,5.223
630, 328.266,25.9251,4.879
631, 331.753,25.3451,4.275
632, 331.394,28.964,5.613
633, 0,0,5.325
634, 342.501,24.6016,4.682
635, 335.331,28.3305,4.762
636, 340.439,29.3076,4.775
637, 350.159,23.7403,4.788
638, 351.345,23.4041,5.145
639, 345.944,28.0828,4.61
640, 351.918,25.1673,5.899
641, 4.6594,31.5172,5.849
642, 5.10168,30.9356,5.747
643, 4.58191,36.7852,4.59
644, 9.832,30.861,4.936
645, 15.7046,31.8043,5.438
646, 17.7782,31.4247,5.456
647, 17.9151,30.0896,5.911
648, 9.22019,33.7193,4.184
649, 17.433,35.6206,4.155
650, 19.9622,30.2892,0
651, 25.5145,35.2457,5.554
652, 23.5692,37.2372,5.807
653, 30.7415,33.2841,5.562
654, 33.9845,33.3589,5.242
655, 32.3859,34.9873,3.196
656, 34.2635,34.2242,5.597
657, 34.3286,33.8472,4.025
658, 44.322,31.9342,5.083
659, 48.8352,30.5567,5.619
660, 51.1238,33.5359,5.784
661, 51.454,34.6226,0
662, 53.1667,35.4617,5.787
663, 52.0862,33.8076,5.769
664, 56.0797,32.2882,3.912
665, 57.3862,33.0914,5.202
666, 58.533,31.8836,2.955
667, 55.5944,33.965,4.9
668, 57.9738,34.3591,5.722
669, 59.1195,35.0809,5.413
670, 56.131,36.4601,5.681
671, 59.7413,35.791,4.002
672, 69.6083,31.4853,0
673, 66.1215,34.1308,5.644
674, 74.2484,33.1661,4.666
675, 79.7501,33.7484,5.154
676, 78.8516,32.6876,5.267
677, 73.2548,34.9285,0
678, 80.0038,33.9581,5.368
679, 81.1605,31.1432,5.969
680, 81.7845,30.2086,5.901
681, 84.6587,30.4924,5.93
682, 83.182,32.192,5.049
683, 0,0,2.552
684, 103.197,33.9613,3.731
685, 112.278,31.7845,4.539
686, 110.015,33.8844,0
687, 114.791,34.5844,5.37
688, 133.144,32.4742,5.924
689, 134.236,32.9104,5.635
690, 128.683,36.4196,5.799
691, 140.264,34.3926,5.156
692, 0,0,3.963
693, 143.556,36.3976,5.668
694, 151.857,35.2447,4.707
695, 159.68,31.9762,5.694
696, 161.466,30.6823,5.288
697, 156.478,33.7961,5.035
698, 158.379,34.9887,5.593
699, 156.971,36.7072,5.354
700, 169.62,33.0943,5.325
701, 169.545,31.5292,4.92
702, 169.545,31.5292,5.53
703, 163.328,34.2149,5.14
704, 0,0,5.119
705, 203.699,37.1824,5.413
706, 0,0,5.215
707, 217.957,30.3714,5.267
708, 233.232,31.3591,4.003
709, 228.876,33.3148,4.669
710, 230.452,32.9337,5.3
711, 231.123,37.3772,4.667
712, 0,0,4.847
713, 0,0,3.666
714, 246.351,37.3941,5.749
715, 253.242,31.7017,5.703
716, 255.072,30.9264,3.883
717, 255.402,33.5683,5.298
718, 259.332,33.1001,4.627
719, 257.009,35.9352,5.764
720, 258.762,36.8092,5.022
721, 259.418,37.2915,4.657
722, 0,0,4.471
723, 269.626,30.1893,4.858
724, 261.692,34.6958,5.928
725, 269.063,37.2505,5.59
726, 0,0,5.672
727, 278.208,30.5542,5.363
728, 278.806,34.458,5.95
729, 274.965,36.0645,5.823
730, 281.989,31.7568,5.875
731, 287.942,31.2835,5.852
732, 279.156,33.469,5.277
733, 282.52,33.3627,3.682
734, 282.441,32.8128,5.721
735, 282.47,32.5511,5.346
736, 0,0,5.949
737, 284.736,32.6896,3.181
738, 286.857,32.5017,5.639
739, 282.902,36.5391,5.962
740, 283.431,36.9717,5.388
741, 286.826,36.1002,5.111
742, 294.844,30.1533,5.894
743, 296.607,33.7276,5.547
744, 292.943,34.453,4.546
745, 295.964,34.1627,5.963
746, 291.538,36.3179,5.02
747, 293.951,36.9445,5.919
748, 299.658,30.9837,5.426
749, 299.077,35.0834,5.189
750, 304.663,34.9828,5.946
751, 299.184,36.2506,5.837
752, 299.98,37.0429,4.966
753, 302.357,36.8396,4.749
754, 303.633,36.8063,5.121
755, 305.935,37.4764,5.635
756, 304.619,36.9998,5.63
757, 307.349,30.3686,4.484
758, 311.416,30.7197,5.556
759, 311.553,33.9703,3.79
760, 0,0,4.601
761, 317.162,30.2056,5.608
762, 318.234,30.2269,4.446
763, 0,0,4.24
764, 321.446,36.6674,5.777
765, 321.839,37.1168,5.104
766, 327.461,30.1742,5.075
767, 332.497,33.1782,4.829
768, 340.751,30.2212,3.998
769, 337.508,32.5726,5.579
770, 350.479,31.8125,5.208
771, 343.935,36.3514,5.652
772, 351.212,32.3849,5.454
773, 4.2729,38.6816,4.677
774, 5.28028,37.9686,5.669
775, 7.0569,44.3945,5.22
776, 0,0,4.026
777, 17.7928,37.7241,5.669
778, 12.4535,41.0789,4.343
779, 11.5451,44.8615,5.939
780, 17.0035,43.9421,5.19
781, 20.9192,37.7149,5.925
782, 25.1451,40.577,4.841
783, 0,0,4.736
784, 25.4465,42.6134,5.703
785, 25.1652,43.2977,5.895
786, 32.1219,37.8591,4.935
787, 32.7201,39.0395,5.985
788, 0,0,3.984
789, 43.4276,38.3375,5.818
790, 42.6461,38.3187,4.635
791, 46.2941,38.8403,5.372
792, 40.5621,40.1939,5.612
793, 44.6903,39.6627,4.765
794, 47.3741,44.8575,5.028
795, 49.4473,44.025,5.395
796, 51.9738,37.6502,0
797, 55.2827,37.5802,5.452
798, 53.396,39.8995,5.948
799, 0,0,2.66
800, 56.2985,42.5785,4.277
801, 50.3607,43.3297,5.027
802, 63.7221,40.4837,5.901
803, 69.1726,41.2648,5.759
804, 74.8142,37.8902,5.018
805, 76.9796,39.2556,0
806, 78.3572,38.4845,5.065
807, 75.6195,41.0758,5.236
808, 0,0,2.957
809, 0,0,5.438
810, 73.199,42.5866,5.818
811, 0,0,0
812, 70.7264,43.3651,5.329
813, 0,0,3.644
814, 87.2935,39.1811,5.72
815, 87.8725,39.1485,5.415
816, 80.7096,41.0293,5.699
817, 80.0611,41.0862,5.603
818, 80.4517,41.8046,5.038
819, 91.6462,38.4826,5.641
820, 99.7049,39.9026,5.238
821, 101.685,43.5774,5.914
822, 136.632,38.4522,5.845
823, 0,0,4.493
824, 0,0,5.116
825, 144.591,40.2398,5.548
826, 149.421,41.0556,5.65
827, 157.527,38.9251,5.885
828, 155.582,41.4995,5.126
829, 158.308,40.4256,4.97
830, 0,0,3.476
831, 164.867,40.4303,5.78
832, 165.21,39.2121,5.361
833, 0,0,4.896
834, 163.495,43.19,4.629
835, 167.416,44.4985,4.467
836, 172.267,39.337,5.374
837, 174.586,43.6254,5.951
838, 180.528,43.0456,5.534
839, 188.436,41.3575,4.955
840, 0,0,2.788
841, 199.386,40.5726,5.074
842, 0,0,3.266
843, 219.709,44.4045,5.423
844, 225.487,40.3906,4.672
845, 238.948,37.947,5.838
846, 232.946,40.8993,5.105
847, 238.169,42.4515,5.278
848, 238.877,42.5662,5.631
849, 244.98,39.7086,5.949
850, 248.526,42.437,4.177
851, 242.192,44.9349,4.155
852, 250.724,38.9223,4.632
853, 273.27,38.7735,5.952
854, 276.057,39.5072,5.161
855, 273.912,42.1593,5.406
856, 281.193,37.6051,4.57
857, 281.201,37.5946,5.932
858, 284.508,38.2662,5.766
859, 288.44,39.146,4.203
860, 289.092,38.1337,5.962
861, 281.085,39.6701,5.147
862, 281.095,39.6127,5.435
863, 281.095,39.6127,5.628
864, 284.694,40.6792,5.997
865, 281.554,41.4418,5.898
866, 283.834,43.9461,5.998
867, 296.866,38.4076,5.707
868, 298.966,38.4867,4.824
869, 297.656,40.5998,5.599
870, 299.308,40.3678,5.33
871, 294.86,42.8183,5.317
872, 293.672,42.4125,5.417
873, 304.447,38.0329,5.221
874, 306.893,38.4403,5.717
875, 305.557,40.2567,3.04
876, 318.698,38.0454,4.202
877, 314.293,41.1672,3.95
878, 319.354,39.3947,4.343
879, 310.485,41.7169,5.525
880, 314.145,44.9247,5.984
881, 312.521,44.0593,5.29
882, 313.311,44.3873,4.601
883, 316.233,43.9279,5.829
884, 319.613,43.9459,4.948
885, 327.122,38.6486,5.998
886, 325.857,38.2836,5.691
887, 324.237,40.4135,5.266
888, 325.596,41.077,5.796
889, 333.992,37.7487,5.995
890, 0,0,4.599
891, 336.86,39.81,5.956
892, 338.968,39.6343,5.479
893, 333.685,42.9539,5.726
894, 0,0,4.375
895, 330.736,44.6499,5.656
896, 344.42,39.3088,5.961
897, 340.369,40.2255,5.042
898, 342.591,41.9534,5.98
899, 344.098,41.6039,5.398
900, 345.652,42.7578,5.206
901, 0,0,3.515
902, 353.656,40.2364,5.682
903, 351.781,42.912,5.729
904, 354.384,44.429,5.771
905, 354.534,43.2681,4.169
906, 355.102,44.3339,4.051
907, 2.58019,46.0723,5.491
908, 4.28768,47.9474,5.745
909, 11.1091,47.864,5.49
910, 10.867,47.0245,5.164
911, 0,0,4.411
912, 10.5162,50.5125,4.645
913, 4.42941,51.4331,5.914
914, 0,0,5.431
915, 21.9141,45.4067,5.33
916, 17.3755,47.2418,4.218
917, 0,0,4.767
918, 24.4982,48.6282,5.247
919, 28.039,50.7928,5.609
920, 25.9152,50.6887,3.898
921, 34.82,47.38,5.315
922, 0,0,0
923, 35.2425,50.1515,5.454
924, 41.8593,50.4854,0
925, 0,0,4.685
926, 53.1094,46.0569,5.762
927, 52.654,48.1036,5.759
928, 53.0358,48.0235,5.332
929, 54.1224,48.1926,4.233
930, 0,0,2.849
931, 47.2667,49.6133,4.759
932, 49.6573,50.2222,5.056
933, 49.7818,50.095,4.947
934, 52.218,49.8484,5.501
935, 52.3419,49.509,4.581
936, 50.805,49.2133,5.21
937, 51.4891,49.1208,5.964
938, 52.0128,49.0629,4.851
939, 0,0,5.145
940, 56.4969,45.6819,5.546
941, 65.3882,46.4989,4.746
942, 58.9924,47.8714,5.28
943, 63.7244,48.4093,5.311
944, 0,0,3.944
945, 61.646,50.3512,4.252
946, 64.5609,50.2955,4.656
947, 64.8052,50.0487,5.733
948, 59.1522,50.6954,5.764
949, 65.048,50.9209,5.5
950, 70.3505,48.3009,5.644
951, 0,0,0
952, 70.84,49.9738,5.87
953, 76.6693,51.5977,5.356
954, 86.4752,49.8263,5.509
955, 90.244,47.9019,5.695
956, 90.7025,49.9057,5.99
957, 104.134,46.274,5.733
958, 104.405,45.0941,4.93
959, 112.215,48.1839,5.586
960, 109.633,49.4648,5.122
961, 112.483,49.6725,5.887
962, 111.679,49.2115,4.594
963, 116.017,50.4338,5.32
964, 122.114,51.5067,4.83
965, 0,0,3.358
966, 0,0,3.555
967, 0,0,4.795
968, 143.706,52.0515,4.515
969, 0,0,3.721
970, 147.147,46.021,5.815
971, 148.929,49.8198,5.353
972, 160.887,46.2039,5.552
973, 176.513,47.7794,5.227
974, 186.006,51.5623,5.864
975, 199.56,49.6821,5.068
976, 203.614,49.016,4.84
977, 213.371,51.79,4.754
978, 214.096,46.0883,4.274
979, 216.299,51.8507,4.63
980, 214.041,51.3672,5.002
981, 226.358,48.151,5.571
982, 225.947,47.654,5.846
983, 230.021,51.9585,5.788
984, 235.712,52.3609,5.419
985, 240.7,46.0367,4.596
986, 244.935,46.3134,3.701
987, 247.947,45.5983,5.808
988, 252.309,45.9833,4.935
989, 264.866,46.0063,3.581
990, 261.684,48.2601,5.98
991, 0,0,3.98
992, 0,0,4.246
993, 267.268,50.7811,5.064
994, 279.97,52.1961,5.909
995, 285.36,46.9348,5.235
996, 285.057,50.5335,5.153
997, 291.858,52.3204,5.74
998, 292.426,51.7298,3.939
999, 295.209,45.5249,5.547
1000, 0,0,2.866
1001, 303.325,46.8157,4.942
1002, 303.408,46.7413,5.329
1003, 298.03,47.9318,5.672
1004, 297.996,47.0273,5.498
1005, 294.111,50.2211,4.942
1006, 299.814,52.0557,5.907
1007, 298.907,52.439,5.154
1008, 308.479,46.6939,5.592
1009, 312.235,46.1141,5.241
1010, 303.868,47.7142,5.907
1011, 314.956,47.5209,4.63
1012, 307.515,48.9516,4.813
1013, 310.553,50.34,5.26
1014, 314.625,50.4619,5.792
1015, 315.296,46.1558,5.163
1016, 321.331,46.7143,5.972
1017, 323.495,45.5918,5.084
1018, 319.87,49.5103,5.583
1019, 323.236,49.9776,5.716
1020, 321.715,48.8352,5.404
1021, 325.524,51.1896,4.512
1022, 333.455,45.4406,5.537
1023, 335.256,46.5366,4.407
1024, 0,0,4.065
1025, 336.129,49.4764,4.65
1026, 332.791,50.8234,5.556
1027, 335.89,52.229,5.706
1028, 344.269,48.6841,5.203
1029, 0,0,3.784
1030, 346.046,50.0521,5.986
1031, 348.138,49.4062,4.871
1032, 339.343,51.5451,4.933
1033, 356.888,46.8326,5.963
1034, 354.391,46.4582,5.103
1035, 354.785,50.4717,5.268
1036, 6.27671,53.0468,5.64
1037, 0,0,4.943
1038, 0,0,3.421
1039, 0,0,4.652
1040, 11.3216,55.2214,5.431
1041, 0,0,3.729
1042, 0,0,4.142
1043, 0,0,2.689
1044, 7.58304,59.9776,5.927
1045, 0,0,4.536
1046, 17.0682,54.9203,5.988
1047, 14.1663,59.1811,5.829
1048, 17.1394,58.2635,5.742
1049, 20.0205,58.2316,5.751
1050, 23.4828,59.232,5.938
1051, 0,0,5.3
1052, 0,0,4.901
1053, 35.5893,55.8457,5.571
1054, 33.4308,56.5451,0
1055, 37.4655,58.5278,0
1056, 0,0,3.77
1057, 0,0,4.85
1058, 42.6742,55.8955,5.939
1059, 40.7618,55.106,5.613
1060, 0,0,5.14
1061, 50.1921,57.1322,0
1062, 0,0,4.623
1063, 0,0,5.155
1064, 64.1795,53.6118,5.247
1065, 61.1132,59.1555,5.602
1066, 68.0077,53.9108,5.903
1067, 0,0,5.808
1068, 74.3217,53.7521,4.416
1069, 74.0295,52.8698,5.864
1070, 0,0,5.53
1071, 72.0011,56.7572,5.574
1072, 0,0,5.08
1073, 89.8818,54.2847,5.009
1074, 0,0,5.021
1075, 0,0,5.226
1076, 88.741,59.8884,5.229
1077, 95.4422,53.4522,5.858
1078, 96.6077,56.2851,5.842
1079, 99.4099,56.8575,5.875
1080, 0,0,4.474
1081, 101.559,59.4417,5.48
1082, 104.319,58.4227,5.417
1083, 110.717,55.2814,5.673
1084, 0,0,5.051
1085, 125.952,53.2197,5.657
1086, 124.46,59.5711,5.831
1087, 136.002,54.2839,5.765
1088, 139.047,54.0219,5.042
1089, 148.027,54.0643,4.618
1090, 0,0,5.547
1091, 157.657,55.9805,5.441
1092, 0,0,4.119
1093, 160.931,57.1992,5.737
1094, 178.458,53.6948,2.456
1095, 0,0,3.41
1096, 0,0,5.393
1097, 187.489,58.4057,5.601
1098, 201.306,54.988,4.203
1099, 204.877,52.9212,5.602
1100, 206.649,54.4327,5.623
1101, 208.463,53.7287,5.651
1102, 0,0,5.568
1103, 202.113,59.9458,5.46
1104, 219.563,54.0233,5.818
1105, 233.988,54.6305,5.816
1106, 239.448,54.7498,5.28
1107, 231.232,58.9661,4.805
1108, 249.057,52.9244,5.303
1109, 249.048,52.9,5.456
1110, 0,0,5.742
1111, 251.324,56.7818,5.269
1112, 240.472,58.5653,4.633
1113, 265.997,53.8017,5.762
1114, 0,0,5.171
1115, 0,0,5.185
1116, 268.382,56.8726,5.253
1117, 278.144,57.0456,5.516
1118, 0,0,5.131
1119, 281.68,52.988,5.77
1120, 286.23,53.3967,5.372
1121, 289.276,53.3685,4.978
1122, 0,0,4.925
1123, 0,0,4.971
1124, 303.349,56.5677,4.419
1125, 317.565,53.5631,5.603
1126, 307.363,56.0682,5.832
1127, 311.338,57.5797,5.156
1128, 321.687,52.8985,5.847
1129, 330.461,52.8823,5.631
1130, 0,0,5.526
1131, 324.74,57.489,5.908
1132, 0,0,5.558
1133, 332.953,56.8394,5.857
1134, 0,0,5.293
1135, 332.714,58.2013,5.38
1136, 335.41,56.1609,0
1137, 0,0,4.515
1138, 337.293,58.4152,5.097
1139, 0,0,4.756
1140, 0,0,4.877
1141, 0,0,4.731
1142, 1.27564,61.314,5.693
1143, 6.19794,61.8311,5.38
1144, 0,0,5.486
1145, 14.129,60.888,0
1146, 0,0,5.441
1147, 0,0,4.283
1148, 0,0,5.53
1149, 12.6817,64.2476,5.972
1150, 14.6294,66.3518,5.951
1151, 0,0,2.842
1152, 29.6385,61.6978,5.955
1153, 25.8323,60.5513,5.748
1154, 0,0,3.162
1155, 17.9225,65.0189,5.471
1156, 17.8566,64.2027,5.476
1157, 29.9085,64.6216,5.277
1158, 30.7508,64.39,5.994
1159, 46.8292,64.0576,5.859
1160, 37.2664,67.4024,4.732
1161, 49.997,65.6523,4.586
1162, 64.2232,61.85,5.526
1163, 56.5097,63.345,5.736
1164, 0,0,4.871
1165, 75.8545,60.4422,5.134
1166, 69.1008,64.2616,5.894
1167, 0,0,4.273
1168, 0,0,4.406
1169, 128.65,65.1451,5.704
1170, 138.586,61.4233,5.902
1171, 137.729,63.5136,5.078
1172, 0,0,4.046
1173, 137.598,67.134,5.384
1174, 156.033,65.5664,4.882
1175, 154.508,65.1084,5.924
1176, 205.375,64.8224,5.936
1177, 193.869,65.4385,5.577
1178, 0,0,3.598
1179, 230.655,62.0471,5.939
1180, 236.667,62.5996,5.257
1181, 228.66,67.3467,5.796
1182, 0,0,3.85
1183, 248.107,60.8233,5.959
1184, 254.007,65.1348,5.45
1185, 261.422,60.0484,5.676
1186, 263.748,61.8746,5.927
1187, 258.136,62.8743,5.785
1188, 273.474,64.3973,5.487
1189, 0,0,3.016
1190, 279.39,62.5266,5.671
1191, 290.167,65.7145,4.629
1192, 0,0,0
1193, 0,0,4.45
1194, 304.903,62.2575,5.65
1195, 311.322,61.8388,4.569
1196, 0,0,5.632
1197, 0,0,2.725
1198, 0,0,5.06
1199, 319.843,64.8719,5.11
1200, 310.796,66.6574,5.841
1201, 321.942,66.8091,5.274
1202, 0,0,4.85
1203, 0,0,5.147
1204, 339.663,63.5845,5.277
1205, 328.879,65.3208,5.901
1206, 330.948,64.628,4.813
1207, 336.772,65.1323,5.867
1208, 342.42,66.2004,4.837
1209, 356.653,66.7823,5.872
1210, 17.6638,68.7786,5.276
1211, 11.9419,74.8476,5.322
1212, 11.4128,74.9881,5.74
1213, 29.0001,68.6852,4.854
1214, 25.5855,68.043,5.494
1215, 25.7328,70.6225,5.139
1216, 30.4893,70.9071,4.787
1217, 0,0,3.962
1218, 47.9844,74.3937,4.894
1219, 57.3072,70.871,5.521
1220, 57.5896,71.3323,4.674
1221, 94.7116,69.3198,4.778
1222, 79.5552,73.2681,5.77
1223, 78.0936,73.9467,5.283
1224, 103.426,68.8883,4.947
1225, 102.738,67.5719,4.918
1226, 143.62,69.8303,5.507
1227, 172.851,69.3311,5.923
1228, 0,0,3.718
1229, 0,0,3.09
1230, 0,0,3.998
1231, 0,0,4.898
1232, 241.582,67.8101,5.402
1233, 264.238,68.758,5.279
1234, 265.485,72.1488,5.057
1235, 268.796,72.0051,5.803
1236, 0,0,4.15
1237, 275.189,71.3378,4.13
1238, 288.139,67.6615,4.322
1239, 296.077,69.3371,5.971
1240, 293.09,69.6612,5.657
1241, 297.043,70.2679,5.07
1242, 307.877,74.9546,5.301
1243, 0,0,2.937
1244, 332.662,70.1326,5.945
1245, 325.48,71.3114,5.965
1246, 332.452,72.3412,5.941
1247, 329.812,73.1799,5.56
1248, 356.978,67.8068,5.046
1249, 348.907,70.8881,5.841
1250, 351.819,70.3598,5.797
1251, 338.942,73.6432,5.551
1252, 348.655,74.2313,5.875
1253, 31.2807,77.2813,5.655
1254, 18.0701,79.674,5.626
1255, 50.0823,77.7348,5.698
1256, 62.5118,80.6986,5.908
1257, 80.6397,79.2311,5.659
1258, 121.196,79.4796,5.329
1259, 184.708,75.1606,5.52
1260, 183.05,77.6162,5.534
1261, 0,0,4.332
1262, 240.881,76.7939,5.787
1263, 242.706,75.8776,5.348
1264, 244.376,75.7553,5.378
1265, 267.363,76.9629,5.614
1266, 246.43,78.9639,5.839
1267, 251.493,82.0373,5.335
1268, 287.291,76.5605,5.462
1269, 281.593,75.434,5.427
1270, 302.222,77.7114,4.336
1271, 316.372,78.1264,5.811
1272, 338.068,76.2264,5.718
1273, 346.974,75.3875,5.574
1274, 354.837,77.6323,4.529
1275, 337.471,78.8243,5.559
1276, 13.7212,83.7074,5.705
1277, 67.0553,83.8078,5.359
1278, 17.187,86.2571,5.821
1279, 0,0,2.708
1280, 157.423,84.252,5.801
1281, 157.769,82.5586,5.692
1282, 192.278,83.4178,5.739
1283, 192.307,83.4129,5.317
1284, 310.647,82.5312,5.743
1285, 333.294,86.108,5.23
1286, 263.054,86.5865,4.38
1287, 351.754,87.3075,5.843
1288, 0.456034,-3.0275,4.939
1289, 1.33391,-5.70762,5.935
1290, 8.81202,-3.59282,5.862
1291, 35.5516,-0.884854,5.788
1292, 44.9215,-2.46495,5.478
1293, 44.6753,-2.78289,5.242
1294, 44.1559,-3.71232,5.265
1295, 48.1935,-1.1961,5.75
1296, 56.1271,-1.16309,5.117
1297, 0,0,5.814
1298, 0,0,4.611
1299, 55.1597,-5.21071,5.345
1300, 58.1736,-5.36125,5.357
1301, 60.6531,-0.268924,5.985
1302, 60.3835,-1.54966,5.092
1303, 65.9202,-3.74547,5.261
1304, 62.9664,-6.83758,4.423
1305, 68.1565,-3.20954,5.584
1306, 0,0,3.681
1307, 69.4005,-2.47355,5.546
1308, 0,0,3.82
1309, 74.1008,-5.17136,5.318
1310, 73.2236,-5.4527,4.672
1311, 68.478,-6.73891,5.577
1312, 80.4406,-0.382463,4.489
1313, 80.3827,-0.416493,5.496
1314, 80.9263,-0.15982,5.43
1315, 76.2272,-3.03968,5.874
1316, 0,0,3.367
1317, 0,0,4.71
1318, 0,0,5.026
1319, 77.1821,-4.45621,5.627
1320, 0,0,2.949
1321, 75.3598,-7.17397,4.562
1322, 79.4016,-6.8444,3.438
1323, 83.381,-1.15607,5.144
1324, 83.1723,-1.59184,5.103
1325, 85.2113,-1.12878,4.686
1326, 0,0,3.521
1327, 85.1554,-2.82523,5.959
1328, 86.9331,-3.26967,0
1329, 83.8465,-4.83835,4.385
1330, 83.9145,-4.85607,5.539
1331, 83.8186,-5.38977,5.017
1332, 83.8454,-5.41605,4.913
1333, 84.364,-5.93839,5.753
1334, 84.1487,-6.06475,5.468
1335, 0,0,2.485
1336, 83.7612,-6.00202,4.436
1337, 83.7542,-6.00928,5.275
1338, 82.8371,-6.70838,5.995
1339, 82.9827,-7.30154,4.281
1340, 84.6582,-6.57396,5.678
1341, 84.7212,-7.21283,4.947
1342, 96.6649,-1.50733,5.953
1343, 91.4558,-2.19519,0
1344, 91.6614,-4.19384,5.201
1345, 93.6529,-4.56846,5.619
1346, 96.6435,-4.5974,5.953
1347, 96.9899,-4.76215,4.809
1348, 91.0563,-6.70894,5.128
1349, 93.7139,-6.27477,5.694
1350, 0,0,4.791
1351, 97.2059,-7.03445,4.813
1352, 98.408,-1.22016,4.898
1353, 103.603,-1.12698,5.64
1354, 102.318,-2.27205,5.621
1355, 0,0,5.398
1356, 98.0964,-5.86882,5.902
1357, 107.848,-0.30193,5.776
1358, 107.966,-0.492765,4.134
1359, 0,0,4.719
1360, 114.32,-4.11098,5.654
1361, 122.149,-2.98379,5.57
1362, 0,0,3.868
1363, 126.613,-3.98744,5.86
1364, 128.507,-2.15156,5.804
1365, 131.812,-1.89704,5.337
1366, 132.341,-3.44302,5.174
1367, 130.918,-7.23373,5.64
1368, 132.893,-7.17727,5.902
1369, 0,0,5.118
1370, 142.996,-1.18467,4.676
1371, 144.964,-1.14281,5.605
1372, 151.985,-0.371652,4.443
1373, 157.37,-2.73908,5.119
1374, 155.86,-4.07403,5.858
1375, 157.573,-0.637031,4.89
1376, 168.44,-0.0695013,5.37
1377, 169.165,-3.6516,4.703
1378, 174.237,-0.823747,5.559
1379, 184.976,-0.666793,3.911
1380, 0,0,3.872
1381, 0,0,3.916
1382, 194.915,-3.81192,5.997
1383, 189.197,-5.8319,5.955
1384, 0,0,4.386
1385, 0,0,3.522
1386, 217.051,-2.22795,5.678
1387, 0,0,4.677
1388, 224.296,-4.34646,4.835
1389, 0,0,4.323
1390, 236.523,-1.80419,5.332
1391, 237.815,-3.09049,5.25
1392, 0,0,3.508
1393, 237.237,-3.81851,5.683
1394, 0,0,4.808
1395, 0,0,4.45
1396, 256.384,-0.89207,5.753
1397, 0,0,4.979
1398, 263.374,-5.7448,5.836
1399, 270.121,-3.69027,5.052
1400, 275.328,-2.89882,4.428
1401, 279.4,-0.309477,5.834
1402, 281.794,-4.74787,5.579
1403, 290.149,-0.89216,5.4
1404, 285.727,-3.69899,5.39
1405, 0,0,3.304
1406, 285.42,-5.73912,5.419
1407, 0,0,4.224
1408, 295.181,-0.621255,5.76
1409, 294.145,-2.11416,0
1410, 298.328,-3.11446,5.888
1411, 294.447,-4.64764,5.935
1412, 297.725,-4.64104,0
1413, 294.223,-7.02748,4.892
1414, 0,0,3.156
1415, 309.585,-1.10512,5.486
1416, 313.036,-5.50706,5.44
1417, 319.546,-4.51947,5.648
1418, 0,0,3.915
1419, 331.446,-0.319849,4.161
1420, 331.198,-0.906344,5.574
1421, 330.829,-2.15536,4.672
1422, 0,0,4.79
1423, 0,0,4.887
1424, 0,0,3.782
1425, 336.029,-4.83703,5.749
1426, 0,0,3.923
1427, 348.893,-3.49638,5.626
1428, 355.724,-4.23777,0
1429, 3.72714,-9.56958,5.653
1430, 4.85698,-8.82392,5.107
1431, 12.5316,-10.6443,5.778
1432, 18.6002,-7.92282,5.647
1433, 16.5214,-9.83935,5.571
1434, 17.1475,-10.1823,4.951
1435, 0,0,4.965
1436, 21.7149,-13.0565,5.871
1437, 27.8651,-10.335,5.187
1438, 27.3963,-10.6864,5.054
1439, 35.5064,-10.7775,5.853
1440, 36.4875,-12.2905,4.839
1441, 0,0,5.293
1442, 39.8909,-11.8722,5.332
1443, 41.0306,-13.8587,4.083
1444, 46.0688,-7.60086,5.485
1445, 48.9584,-8.81973,5.067
1446, 53.2327,-9.45826,4.846
1447, 52.4001,-12.6747,5.771
1448, 55.8121,-9.76339,4.694
1449, 55.891,-10.4857,5.846
1450, 59.5074,-13.5085,5.05
1451, 0,0,5.44
1452, 65.1785,-7.59249,5.68
1453, 67.2789,-13.0484,5.325
1454, 71.0222,-8.50357,5.677
1455, 69.7231,-12.1231,5.087
1456, 69.5451,-14.304,5.349
1457, 74.9822,-12.5374,5.094
1458, 74.4362,-14.2319,5.878
1459, 77.0841,-8.66533,5.692
1460, 77.2866,-8.75408,4.002
1461, 80.9868,-7.80806,5.351
1462, 76.6531,-13.1226,5.999
1463, 78.0746,-11.8692,4.331
1464, 78.3078,-12.9413,4.327
1465, 79.9959,-12.3156,5.143
1466, 79.8939,-13.1768,3.966
1467, 80.8757,-13.9274,4.964
1468, 87.8416,-7.518,5.09
1469, 89.768,-9.55825,5.252
1470, 90.4601,-10.5979,4.853
1471, 0,0,3.671
1472, 0,0,4.096
1473, 91.5388,-14.9353,4.723
1474, 94.9283,-7.82291,5.017
1475, 93.859,-9.03575,5.985
1476, 95.353,-11.7733,5.559
1477, 93.937,-13.7184,4.897
1478, 97.6454,-13.1482,5.96
1479, 105.099,-8.40682,5.848
1480, 101.663,-10.1074,5.597
1481, 103.547,-12.0386,5.94
1482, 106.67,-11.294,5.441
1483, 101.497,-14.7961,5.38
1484, 101.713,-14.426,5.241
1485, 108.618,-10.3162,5.782
1486, 114.016,-14.4928,5.573
1487, 115.312,-9.55113,5.23
1488, 116.487,-14.5638,5.406
1489, 117.943,-13.898,5.922
1490, 128.867,-7.98229,5.699
1491, 122.818,-12.927,5.908
1492, 137.176,-8.58951,5.522
1493, 131.594,-13.5477,5.422
1494, 139.172,-8.74476,5.381
1495, 141.897,-8.6586,3.879
1496, 140.121,-9.5557,5.99
1497, 139.765,-11.756,0
1498, 139.943,-11.9749,5.941
1499, 145.077,-14.3323,4.875
1500, 148.127,-8.105,5.164
1501, 152.531,-8.40817,5.919
1502, 152.525,-12.8159,5.712
1503, 151.281,-13.0646,4.481
1504, 152.647,-12.3541,4.882
1505, 147.87,-14.8466,5.28
1506, 154.408,-8.06891,5.623
1507, 157.749,-13.5885,5.545
1508, 162.575,-8.89776,5.991
1509, 174.17,-9.80224,4.59
1510, 0,0,4.987
1511, 188.445,-9.45208,5.432
1512, 186.299,-11.6106,5.987
1513, 203.669,-13.2143,5.967
1514, 211.678,-9.31352,5.876
1515, 213.224,-10.2737,5.925
1516, 219.544,-9.94697,0
1517, 214.777,-13.3711,4.68
1518, 225.243,-8.51894,4.983
1519, 0,0,2.497
1520, 222.329,-14.149,5.652
1521, 233.61,-9.18342,5.035
1522, 231.05,-10.3223,5.442
1523, 233.545,-10.0645,5.897
1524, 0,0,5.175
1525, 240.198,-8.41136,5.57
1526, 243.03,-8.54758,5.581
1527, 243,-10.0642,5.062
1528, 0,0,0
1529, 241.092,-11.3731,4.844
1530, 241.902,-12.7454,5.771
1531, 239.547,-14.2794,4.833
1532, 246.951,-8.37167,4.854
1533, 0,0,2.575
1534, 252.458,-10.783,5.197
1535, 245.231,-12.3145,0
1536, 257.45,-10.5233,5.972
1537, 260.207,-12.8469,4.375
1538, 264.461,-8.11877,4.724
1539, 263.693,-11.242,5.546
1540, 265.354,-12.8753,4.339
1541, 266.903,-14.7258,5.937
1542, 270.77,-8.18035,5.695
1543, 269.757,-9.77363,4.582
1544, 272.082,-11.2801,0
1545, 275.13,-11.8092,0
1546, 275.915,-8.93441,5.866
1547, 278.802,-8.24407,5.573
1548, 280.568,-9.05255,5.114
1549, 277.857,-10.7958,5.976
1550, 275.801,-12.0148,5.702
1551, 277.299,-14.5658,4.762
1552, 278.413,-14.8536,5.781
1553, 288.17,-7.93952,5.458
1554, 284.849,-12.8405,5.457
1555, 298.657,-8.2273,5.565
1556, 292.108,-10.4037,0
1557, 297.695,-10.7635,5.804
1558, 304.412,-12.5082,5.563
1559, 0,0,4.759
1560, 305.166,-12.7591,4.695
1561, 300.494,-13.6372,5.775
1562, 305.253,-14.7814,4.009
1563, 313.163,-8.98332,5.098
1564, 311.919,-9.49578,3.769
1565, 309.818,-14.9548,5.088
1566, 321.304,-9.74855,5.953
1567, 317.399,-11.3717,5.688
1568, 321.048,-12.8781,5.819
1569, 324.438,-7.8542,4.888
1570, 326.634,-11.366,5.563
1571, 325.387,-14.0476,5.978
1572, 328.324,-13.5518,5.516
1573, 334.208,-7.78329,5.398
1574, 335.05,-7.8211,5.275
1575, 332.656,-11.5649,5.271
1576, 331.609,-13.8697,4.186
1577, 0,0,5.873
1578, 337.662,-10.678,4.765
1579, 343.37,-11.6165,5.694
1580, 341.928,-14.0564,5.646
1581, 346.291,-7.6938,5.794
1582, 348.973,-9.08774,5.66
1583, 0,0,4.213
1584, 349.74,-9.61074,4.974
1585, 354.946,-14.2222,5.276
1586, 355.681,-14.5449,4.442
1587, 0,0,4.472
1588, 2.81608,-15.468,5.455
1589, 0,0,3.343
1590, 11.185,-22.0061,5.607
1591, 12.0044,-21.7225,5.488
1592, 23.6574,-15.6764,5.689
1593, 0,0,5.137
1594, 0,0,4.38
1595, 24.7158,-21.2754,5.96
1596, 38.0218,-15.2446,5.259
1597, 41.2758,-18.5726,5.032
1598, 42.7597,-21.004,5.92
1599, 54.0725,-17.4671,5.072
1600, 49.8792,-21.7579,5.787
1601, 0,0,4.127
1602, 62.3243,-16.3859,5.249
1603, 71.0333,-18.6666,5.558
1604, 65.1626,-20.6396,5.349
1605, 0,0,3.146
1606, 75.3566,-20.0519,4.828
1607, 76.3653,-22.371,5.102
1608, 81.1187,-16.9758,5.635
1609, 0,0,2.847
1610, 85.8403,-18.5575,5.712
1611, 0,0,4.665
1612, 0,0,3.837
1613, 82.7818,-20.8637,5.535
1614, 85.5582,-22.3737,5.97
1615, 87.8304,-20.8791,5.016
1616, 0,0,4.162
1617, 91.2464,-16.4844,5.191
1618, 94.032,-16.618,5.745
1619, 94.5572,-19.967,5.287
1620, 92.2411,-22.4274,5.471
1621, 94.7457,-20.9256,5.576
1622, 102.241,-15.1447,5.293
1623, 99.4726,-18.2375,5.931
1624, 99.171,-19.2559,5.304
1625, 103.328,-19.0328,5.968
1626, 103.906,-20.1365,5.097
1627, 0,0,4.536
1628, 103.761,-20.4049,5.848
1629, 101.756,-21.0154,5.86
1630, 105.94,-15.6333,3.949
1631, 109.061,-15.5857,5.545
1632, 111.167,-16.2015,5.152
1633, 104.034,-17.0542,4.279
1634, 111.783,-17.8648,5.985
1635, 110.556,-19.0166,4.881
1636, 107.923,-20.8831,5.777
1637, 119.967,-18.3992,4.711
1638, 114.171,-19.7023,5.474
1639, 0,0,5.033
1640, 122.369,-16.2489,5.449
1641, 121.173,-19.7282,5.904
1642, 121.825,-20.5543,5.452
1643, 122.257,-19.245,4.199
1644, 127.879,-19.5775,5.355
1645, 136.649,-16.3897,0
1646, 137.268,-18.3286,5.73
1647, 143.085,-19.4003,5.903
1648, 156.523,-16.8363,5.771
1649, 0,0,4.727
1650, 161.717,-17.2969,5.576
1651, 164.944,-18.2988,5.483
1652, 163.373,-20.1387,5.8
1653, 0,0,4.302
1654, 170.841,-18.78,5.578
1655, 179.004,-17.1508,5.137
1656, 176.191,-18.3507,5.93
1657, 180.213,-19.659,5.026
1658, 0,0,2.458
1659, 188.018,-16.196,4.728
1660, 0,0,2.918
1661, 0,0,5.076
1662, 198.015,-16.1986,5.585
1663, 0,0,5.612
1664, 0,0,5.528
1665, 0,0,5.872
1666, 0,0,5.609
1667, 222.72,-16.0418,2.93
1668, 0,0,4.439
1669, 233.23,-16.8528,5.319
1670, 236.018,-15.6728,5.679
1671, 238.456,-16.7293,5.431
1672, 233.153,-19.6705,5.717
1673, 238.752,-19.3829,5.932
1674, 0,0,4.993
1675, 239.419,-20.9831,5.845
1676, 245.109,-16.1891,0
1677, 247.785,-16.6127,5.442
1678, 0,0,4.507
1679, 0,0,4.516
1680, 0,0,2.519
1681, 0,0,4.367
1682, 0,0,5.386
1683, 246.026,-20.0373,5.767
1684, 0,0,3.871
1685, 241.851,-20.8688,5.356
1686, 0,0,4.598
1687, 0,0,2.597
1688, 0,0,5.94
1689, 0,0,4.822
1690, 264.397,-15.3986,3.847
1691, 269.079,-15.8125,5.981
1692, 0,0,5.399
1693, 277.86,-18.4027,5.134
1694, 0,0,5.936
1695, 0,0,5.344
1696, 0,0,4.043
1697, 283.68,-15.603,5.245
1698, 284.343,-16.8426,0
1699, 286.422,-15.6604,5.897
1700, 287.07,-19.2903,5.455
1701, 284.335,-20.6563,5.17
1702, 284.433,-21.1067,5.042
1703, 0,0,3.296
1704, 286.171,-21.7415,5.055
1705, 291.546,-15.0533,5.708
1706, 290.432,-15.955,4.644
1707, 295.63,-16.124,5.426
1708, 290.418,-17.8472,4.185
1709, 0,0,5.911
1710, 299.488,-15.4915,5.08
1711, 300.322,-15.0452,0
1712, 307.215,-17.8137,5.321
1713, 306.83,-18.2117,5.042
1714, 307.475,-18.5832,5.995
1715, 311.542,-21.514,5.978
1716, 0,0,4.075
1717, 319.489,-17.9851,5.235
1718, 0,0,5.053
1719, 0,0,5.326
1720, 320.562,-16.8345,5.4
1721, 0,0,4.064
1722, 0,0,3.215
1723, 325.665,-18.8663,5.809
1724, 0,0,4.279
1725, 0,0,4.991
1726, 322.181,-21.8072,5.616
1727, 332.246,-18.5196,5.585
1728, 0,0,3.348
1729, 338.673,-20.7082,5.72
1730, 350.663,-15.0393,5.435
1731, 0,0,5.259
1732, 347.479,-22.4576,5.505
1733, 0,0,5.349
1734, 355.441,-17.8165,5.82
1735, 0,0,5.134
1736, 0,0,5.932
1737, 0,0,5.016
1738, 0,0,4.778
1739, 0,0,5.319
1740, 0.583012,-29.7204,4.845
1741, 13.9689,-23.0036,0
1742, 14.6515,-29.3574,4.11
1743, 0,0,5.773
1744, 31.1227,-29.2968,4.493
1745, 0,0,5.934
1746, 38.4613,-28.2323,4.893
1747, 44.349,-23.8622,5.73
1748, 0,0,4.278
1749, 42.4758,-27.942,5.391
1750, 0,0,4.51
1751, 56.712,-23.2497,4.711
1752, 56.9152,-23.8747,5.322
1753, 58.4279,-24.6122,4.466
1754, 54.6986,-27.9431,5.962
1755, 0,0,4.474
1756, 61.406,-27.6518,5.948
1757, 68.3773,-29.7665,5.739
1758, 75.972,-24.3882,5.714
1759, 78.8516,-26.9435,4.963
1760, 79.8487,-27.3689,5.938
1761, 87.4729,-22.9719,5.927
1762, 91.6337,-23.1108,5.543
1763, 84.4359,-28.6897,5.834
1764, 91.5231,-29.7586,5.831
1765, 0,0,4.03
1766, 0,0,4.49
1767, 97.6929,-27.7696,5.704
1768, 0,0,5.087
1769, 105.756,-23.8333,2.906
1770, 106.844,-23.8407,5.593
1771, 104.391,-24.6308,5.897
1772, 104.65,-25.4142,5.377
1773, 105.275,-25.2156,5.426
1774, 108.051,-25.9426,5.693
1775, 107.429,-25.231,5.481
1776, 105.43,-27.9348,5.744
1777, 108.402,-27.3564,5.804
1778, 0,0,4.19
1779, 0,0,2.687
1780, 108.703,-26.7727,3.822
1781, 0,0,5.438
1782, 111.929,-22.8592,5.847
1783, 0,0,5.111
1784, 116.802,-22.5195,5.651
1785, 109.668,-24.5587,4.757
1786, 0,0,4.193
1787, 111.355,-25.2178,5.646
1788, 0,0,4.561
1789, 116.142,-24.6741,5.356
1790, 0,0,4.364
1791, 110.229,-26.9638,5.769
1792, 114.706,-26.8018,4.49
1793, 114.708,-26.8038,4.214
1794, 111.997,-29.1559,5.482
1795, 113.845,-28.3693,4.495
1796, 0,0,4.151
1797, 119.215,-22.8801,5.067
1798, 0,0,3.322
1799, 117.324,-24.8598,4.897
1800, 126.23,-23.1537,5.737
1801, 129.467,-26.255,5.198
1802, 133.882,-27.6819,5.033
1803, 132.633,-27.7098,5.678
1804, 140.801,-28.8339,5.846
1805, 143.359,-22.8639,5.952
1806, 145.321,-23.5915,4.588
1807, 145.56,-23.9156,5.543
1808, 146.05,-27.7695,5.401
1809, 154.532,-28.992,5.808
1810, 166.49,-27.2879,5.638
1811, 166.333,-27.2936,5.351
1812, 167.183,-28.0807,5.507
1813, 0,0,4.486
1814, 172.411,-24.464,5.866
1815, 0,0,4.732
1816, 182.766,-23.6024,5.509
1817, 0,0,4.391
1818, 0,0,3.766
1819, 189.426,-27.1389,5.801
1820, 0,0,4.14
1821, 206.404,-26.116,5.824
1822, 204.202,-26.4952,5.998
1823, 203.15,-28.6928,5.745
1824, 209.964,-24.5876,0
1825, 0,0,5.09
1826, 211.593,-26.6824,4.685
1827, 0,0,4.875
1828, 220.806,-24.9978,5.693
1829, 221.5,-25.4432,5.457
1830, 221.844,-25.6243,5.553
1831, 226.018,-25.282,5.4
1832, 221.99,-26.6462,5.752
1833, 234.256,-28.1351,5.408
1834, 238.483,-23.9781,5.342
1835, 0,0,2.183
1836, 241.527,-23.6063,5.804
1837, 242.182,-23.6854,5.881
1838, 238.475,-24.5332,5.349
1839, 238.403,-25.3271,4.581
1840, 237.745,-25.7513,4.534
1841, 239.645,-24.8315,5.298
1842, 238.665,-25.2437,5.772
1843, 0,0,2.662
1844, 238.875,-26.266,5.791
1845, 0,0,3.438
1846, 239.221,-29.2141,3.617
1847, 246.396,-23.4472,5.258
1848, 245.159,-24.1693,5.486
1849, 245.297,-25.5928,3.024
1850, 247.552,-25.1152,4.615
1851, 243.076,-27.9264,4.372
1852, 243.067,-28.4173,5.754
1853, 244.575,-28.614,4.815
1854, 248.971,-28.216,2.536
1855, 261.593,-24.1753,4.498
1856, 262.854,-23.9626,4.813
1857, 0,0,3.009
1858, 262.935,-26.2697,5.969
1859, 266.89,-27.8308,5.537
1860, 261.906,-29.7246,5.991
1861, 261.839,-29.867,4.749
1862, 269.948,-23.8161,4.695
1863, 270.477,-22.7803,5.671
1864, 270.969,-24.3607,5.942
1865, 270.713,-24.2825,5.97
1866, 268.249,-25.6004,0
1867, 270.821,-27.3485,0
1868, 0,0,0
1869, 269.663,-28.7591,5.888
1870, 272.021,-28.4571,5.726
1871, 271.255,-29.5801,5.718
1872, 275.641,-28.268,0
1873, 274.23,-29.0349,0
1874, 275.249,-29.8281,4.502
1875, 279.628,-23.5049,5.752
1876, 284.003,-23.1737,5.891
1877, 277.253,-24.6109,0
1878, 276.993,-25.4217,4.153
1879, 279.217,-25.7062,0
1880, 281.207,-25.0109,5.847
1881, 281.414,-26.9908,3.031
1882, 288.885,-25.2567,5.532
1883, 291.319,-24.5086,5.29
1884, 286.735,-27.6704,4.816
1885, 291.126,-27.8659,5.861
1886, 0,0,2.717
1887, 291.735,-29.7432,5.638
1888, 294.007,-24.7191,5.852
1889, 0,0,4.513
1890, 299.738,-26.1958,5.959
1891, 298.96,-26.2995,5.605
1892, 0,0,4.617
1893, 312.323,-25.7812,5.748
1894, 324.046,-26.1715,5.993
1895, 331.153,-26.8224,5.751
1896, 330.209,-28.4538,5.588
1897, 333.578,-27.7669,5.292
1898, 340.164,-27.0436,4.048
1899, 0,0,5.611
1900, 344.899,-29.4623,5.817
1901, 357.231,-28.1303,4.578
1902, 2.93337,-35.1331,5.742
1903, 15.6101,-31.552,5.616
1904, 25.5125,-36.8323,5.697
1905, 33.227,-30.7238,5.243
1906, 42.2726,-32.4059,5.681
1907, 37.0071,-33.811,5.233
1908, 55.5621,-31.9384,4.772
1909, 60.1694,-30.4907,5.962
1910, 58.4123,-34.7323,4.931
1911, 57.3635,-36.2002,5.341
1912, 68.8877,-30.5623,5.022
1913, 0,0,3.409
1914, 66.0092,-34.0169,5.906
1915, 70.5145,-37.1443,5.492
1916, 72.8676,-34.9063,5.964
1917, 80.3202,-34.3451,5.841
1918, 89.0873,-31.3824,5.977
1919, 86.4996,-32.3064,4.814
1920, 82.8031,-35.4705,5.318
1921, 0,0,2.514
1922, 85.5633,-34.6678,5.234
1923, 88.2787,-33.8014,4.687
1924, 89.3842,-35.2833,4.134
1925, 82.0639,-37.2308,5.586
1926, 87.74,-35.7683,4.611
1927, 0,0,2.783
1928, 91.0844,-32.1724,5.4
1929, 95.5284,-33.4364,4.91
1930, 97.1635,-32.3713,5.686
1931, 98.6472,-32.7163,5.508
1932, 98.1624,-32.0304,5.477
1933, 97.0425,-32.5801,4.252
1934, 91.7653,-34.312,5.68
1935, 91.3632,-35.5136,5.829
1936, 94.1381,-35.1405,5.625
1937, 94.9206,-34.3966,5.648
1938, 95.151,-34.1441,5.282
1939, 91.8818,-37.2529,4.865
1940, 98.8508,-36.7799,5.694
1941, 101.119,-31.0705,5.066
1942, 101.38,-30.949,5.518
1943, 102.597,-31.7061,5.857
1944, 0,0,3.352
1945, 104.605,-34.1117,4.865
1946, 99.3077,-36.9906,5.596
1947, 108.838,-30.6864,5.142
1948, 112.27,-31.4562,5.532
1949, 0,0,5.789
1950, 110.753,-31.9238,5.192
1951, 110.883,-32.2021,5.18
1952, 111.677,-34.1407,5.69
1953, 114.342,-34.9685,4.444
1954, 108.108,-36.5444,5.854
1955, 109.206,-36.5926,4.806
1956, 109.577,-36.734,4.525
1957, 109.659,-36.7427,4.888
1958, 109.286,-37.0975,4.821
1959, 113.463,-36.3384,5.3
1960, 114.683,-36.4968,5.582
1961, 115.8,-36.0501,5.418
1962, 119.417,-30.3346,4.956
1963, 123.546,-32.1407,5.857
1964, 118.065,-34.7054,5.568
1965, 117.311,-35.2433,5.875
1966, 118.546,-35.8773,5.238
1967, 123.493,-36.3223,4.82
1968, 123.495,-36.3408,5.803
1969, 123.373,-35.8995,4.602
1970, 125.338,-36.4842,4.934
1971, 124.639,-36.6593,4.7
1972, 130.898,-33.1864,3.438
1973, 126.998,-35.1138,5.545
1974, 130.026,-35.3084,5.122
1975, 131.216,-37.1473,5.549
1976, 137.485,-30.3654,5.809
1977, 138.938,-37.4131,5.145
1978, 149.718,-35.891,5.569
1979, 157.397,-30.6071,5.5
1980, 160.68,-32.7157,5.623
1981, 162.059,-31.6879,5.897
1982, 167.472,-32.3675,5.823
1983, 162.488,-34.0582,5.643
1984, 164.179,-37.1378,5.886
1985, 166.226,-35.8047,5.439
1986, 173.25,-31.8576,4.717
1987, 175.053,-34.7447,4.594
1988, 178.227,-33.9081,4.241
1989, 186.715,-32.8301,5.572
1990, 186.341,-35.1864,5.634
1991, 185.898,-35.4127,5.228
1992, 192.672,-33.9993,4.858
1993, 196.726,-35.862,5.688
1994, 206.422,-33.0437,4.672
1995, 200.149,-36.7123,2.814
1996, 206.735,-36.2519,5.139
1997, 208.302,-31.9276,4.566
1998, 207.957,-32.9941,4.342
1999, 215.582,-34.7868,5.445
2000, 211.671,-36.37,3.359
2001, 220.914,-35.1737,5.828
2002, 221.247,-35.1918,4.933
2003, 223.936,-33.8558,5.369
2004, 220.256,-36.1349,5.549
2005, 226.638,-30.9185,5.875
2006, 229.458,-30.1487,5.755
2007, 228.655,-31.5191,5.342
2008, 225.747,-32.6433,5.292
2009, 228.282,-36.0914,5.978
2010, 230.452,-36.2614,5.565
2011, 230.789,-36.8585,4.34
2012, 231.826,-36.7676,5.26
2013, 237.74,-33.6272,3.902
2014, 242.469,-33.5458,5.392
2015, 234.942,-34.4119,5.898
2016, 235.671,-34.7104,4.54
2017, 236.684,-34.6824,5.454
2018, 239.225,-33.9643,5.633
2019, 239.223,-33.9661,5.219
2020, 241.648,-36.8023,3.979
2021, 247.846,-34.7044,4.021
2022, 250.371,-35.371,0
2023, 249.772,-37.2174,5.895
2024, 252.91,-32.395,0
2025, 255.469,-32.1435,4.894
2026, 258.83,-33.5484,5.546
2027, 252.541,-34.2932,3.781
2028, 256.206,-34.1229,5.1
2029, 262.308,-30.6928,0
2030, 267.294,-31.7032,4.744
2031, 262.862,-33.7319,0
2032, 263.677,-32.5817,5.712
2033, 268.057,-34.7992,5.721
2034, 268.478,-34.7527,5.972
2035, 262.691,-37.2958,2.431
2036, 267.465,-37.0433,4.719
2037, 271.452,-30.4241,4.249
2038, 277.77,-32.9891,5.611
2039, 278.491,-33.0166,5.121
2040, 272.731,-33.8001,5.943
2041, 274.401,-34.1073,5.922
2042, 274.407,-36.7617,5.153
2043, 275.721,-36.6696,5.173
2044, 286.104,-31.0471,5.525
2045, 281.081,-35.642,4.625
2046, 284.681,-37.1073,5.308
2047, 284.169,-37.3432,5.174
2048, 286.605,-37.0635,4.968
2049, 294.291,-33.3717,0
2050, 296.505,-31.9086,5.529
2051, 289.917,-35.4215,5.415
2052, 294.381,-35.3503,0
2053, 299.964,-34.6978,5.508
2054, 299.934,-35.2763,4.157
2055, 307.195,-35.5959,5.959
2056, 315.323,-32.2578,5.748
2057, 319.485,-32.1725,4.794
2058, 326.934,-30.8983,5.074
2059, 326.237,-33.0258,4.278
2060, 332.537,-32.5484,5.491
2061, 332.096,-32.9885,4.572
2062, 332.482,-34.015,5.642
2063, 329.095,-37.2537,5.544
2064, 328.482,-37.3649,2.87
2065, 337.876,-32.3461,4.312
2066, 339.714,-33.0813,5.71
2067, 343.987,-32.5396,5.423
2068, 343.131,-32.8756,4.446
2069, 345.874,-34.7494,5.462
2070, 349.706,-32.532,5.845
2071, 358.819,-31.9215,5.961
2072, 6.57094,-42.3061,3.78
2073, 6.55084,-43.6798,4.151
2074, 16.9494,-41.4869,5.403
2075, 28.5918,-42.4969,5.044
2076, 22.0914,-43.3182,5.496
2077, 39.95,-42.8917,4.821
2078, 40.1668,-39.8554,5.379
2079, 0,0,3.37
2080, 44.5685,-40.3047,4.233
2081, 49.9819,-43.0698,5.13
2082, 57.1495,-37.6202,4.695
2083, 57.1478,-37.622,5.264
2084, 54.2736,-40.2746,5.866
2085, 62.7108,-41.9936,5.318
2086, 63.5005,-42.2944,5.247
2087, 67.7088,-44.9538,4.806
2088, 70.1405,-41.8638,4.83
2089, 84.6813,-40.7073,5.703
2090, 89.7867,-42.8151,5.406
2091, 91.9702,-42.154,5.495
2092, 99.4403,-43.1959,3.027
2093, 101.839,-37.9297,5.158
2094, 109.133,-38.3189,5.623
2095, 109.64,-39.2103,5.271
2096, 100.309,-40.3499,5.956
2097, 106.779,-40.8933,5.583
2098, 107.213,-39.6557,4.599
2099, 108.066,-40.4988,5.381
2100, 106.012,-42.3373,5.449
2101, 108.738,-41.4264,5.751
2102, 109.518,-43.9868,5.702
2103, 112.274,-38.8121,5.204
2104, 114.933,-38.1393,5.62
2105, 114.949,-38.2607,5.65
2106, 114.864,-38.308,4.597
2107, 114.992,-37.5794,5.933
2108, 116.544,-37.9337,5.729
2109, 116.142,-37.9429,5.734
2110, 116.314,-37.9686,5.844
2111, 116.854,-38.5111,4.926
2112, 115.316,-38.5335,5.221
2113, 118.161,-38.8628,4.253
2114, 119.868,-39.2969,5.677
2115, 118.054,-40.5758,4.993
2116, 117.918,-42.8882,5.793
2117, 112.308,-43.3014,5.239
2118, 116.325,-43.7526,5.929
2119, 118.944,-43.845,5.979
2120, 119.241,-43.5004,5.138
2121, 119.327,-44.1099,4.854
2122, 128.41,-38.8488,5.757
2123, 123.512,-40.3479,5.914
2124, 120.687,-41.3098,5.325
2125, 122.858,-42.9873,4.944
2126, 126.238,-42.7699,5.823
2127, 126.466,-42.1531,5.252
2128, 129.411,-42.9891,4.261
2129, 122.4,-44.1228,4.962
2130, 127.282,-44.1604,5.631
2131, 127.365,-44.7248,4.955
2132, 137.921,-39.2588,5.863
2133, 132.413,-40.3202,5.553
2134, 130.08,-40.2639,5.184
2135, 131.1,-42.6493,5.135
2136, 132.588,-42.0898,5.845
2137, 135.023,-41.2536,5.231
2138, 135.337,-41.8643,5.377
2139, 135.093,-43.174,5.842
2140, 136.999,-43.4326,4.412
2141, 137.768,-44.8679,5.217
2142, 138.127,-43.6133,5.815
2143, 138.602,-43.2275,5.065
2144, 138.534,-44.1458,5.687
2145, 142.675,-40.4667,4.032
2146, 146.627,-44.7551,5.34
2147, 155.872,-38.0098,5.617
2148, 154.618,-41.6685,5.884
2149, 153.684,-42.1219,3.907
2150, 165.039,-42.2259,4.511
2151, 166.82,-42.6387,5.26
2152, 164.997,-43.8071,5.717
2153, 173.405,-40.5866,5.651
2154, 176.629,-40.5004,5.697
2155, 171.092,-42.6691,5.893
2156, 172.146,-42.6742,5.099
2157, 175.332,-43.0957,5.582
2158, 183.354,-38.9292,5.576
2159, 185.936,-38.9114,5.698
2160, 187.094,-39.0412,5.365
2161, 182.227,-41.2316,5.382
2162, 189.004,-39.8695,5.794
2163, 188.94,-41.0219,5.394
2164, 189.969,-39.9873,4.521
2165, 180.915,-42.4341,5.63
2166, 198.013,-37.803,5.697
2167, 192.987,-39.6804,5.867
2168, 193.359,-40.1789,4.508
2169, 202.761,-39.4073,5.426
2170, 205.917,-42.0675,5.888
2171, 207.404,-42.4737,3.214
2172, 207.376,-41.6877,3.128
2173, 209.568,-42.1008,3.551
2174, 209.67,-44.8036,3.59
2175, 210.831,-37.7662,0
2176, 215.139,-37.8853,4.003
2177, 211.512,-41.1796,4.1
2178, 215.759,-39.5118,4.173
2179, 219.184,-40.2116,5.599
2180, 210.864,-41.4233,5.964
2181, 218.881,-41.5174,5.772
2182, 220.49,-37.7935,3.773
2183, 223.213,-37.8032,4.813
2184, 227.051,-40.5839,5.616
2185, 229.735,-40.7882,5.471
2186, 224.79,-42.1042,2.879
2187, 227.163,-42.8679,5.674
2188, 229.017,-41.4911,5.848
2189, 224.633,-43.134,2.414
2190, 222.91,-43.5754,4.126
2191, 229.044,-43.485,5.867
2192, 228.207,-44.5004,4.592
2193, 231.334,-38.7336,4.6
2194, 231.188,-39.7103,5.243
2195, 230.343,-40.6475,2.937
2196, 233.785,-41.1668,2.755
2197, 233.785,-41.1668,4.269
2198, 230.67,-44.6896,3.142
2199, 233.972,-44.9583,4.466
2200, 235.297,-44.6612,5.113
2201, 240.031,-38.3967,3.134
2202, 240.851,-38.6025,4.703
2203, 246.132,-37.566,5.285
2204, 249.983,-39.0871,0
2205, 244.824,-42.674,5.564
2206, 247.924,-41.8171,5.656
2207, 249.094,-42.8589,5.868
2208, 249.61,-43.3984,5.772
2209, 248.521,-44.0453,4.955
2210, 250.948,-38.1563,5.972
2211, 253.084,-38.0175,3.283
2212, 0,0,2.776
2213, 251.177,-40.8397,5.506
2214, 253.744,-41.1509,5.967
2215, 252.891,-41.2305,5.29
2216, 258.656,-41.2492,0
2217, 258.068,-39.507,5.72
2218, 253.508,-41.8064,5.64
2219, 253.499,-42.362,5.272
2220, 253.646,-42.3613,5.419
2221, 259.699,-44.1297,5.697
2222, 258.038,-43.2392,3.807
2223, 264.137,-38.6354,5.662
2224, 265.76,-39.0525,0
2225, 263.281,-41.1731,5.883
2226, 266.896,-40.127,3.594
2227, 267.546,-40.0904,5.092
2228, 261.055,-44.1626,5.025
2229, 277.113,-38.9957,5.794
2230, 278.346,-38.726,5.499
2231, 278.089,-39.704,5.26
2232, 273.303,-41.3361,5.253
2233, 278.376,-42.3125,5.885
2234, 271.708,-43.425,5.893
2235, 271.708,-43.425,5.942
2236, 276.076,-44.1103,5.019
2237, 280.946,-38.3234,5.204
2238, 287.368,-37.9045,4.167
2239, 287.507,-39.3408,5.622
2240, 287.087,-40.4967,5.969
2241, 287.49,-41.8923,5.746
2242, 285.779,-42.0951,4.699
2243, 282.21,-43.68,5.604
2244, 282.396,-43.4341,5.498
2245, 290.972,-40.6159,3.819
2246, 297.961,-39.8744,5.255
2247, 298.815,-41.8683,5.499
2248, 292.349,-43.4452,5.947
2249, 290.66,-44.459,3.828
2250, 290.805,-44.7998,4.667
2251, 305.615,-42.0496,5.579
2252, 305.972,-42.4228,5.881
2253, 311.584,-39.1993,5.364
2254, 315.741,-38.6314,5.793
2255, 318.263,-39.4249,5.759
2256, 312.121,-43.9885,5.508
2257, 321.103,-41.0067,5.714
2258, 320.19,-40.8095,4.852
2259, 333.904,-41.3467,5.788
2260, 339.245,-40.591,5.945
2261, 337.317,-43.4956,5.266
2262, 346.723,-38.8923,5.679
2263, 346.72,-43.5204,4.916
2264, 353.243,-37.8183,4.251
2265, 353.769,-42.6151,4.803
2266, 2.35266,-45.7474,5.171
2267, 10.3315,-46.085,5.826
2268, 7.85409,-48.8035,4.785
2269, 16.5211,-46.7185,4.486
2270, 18.7963,-45.5317,5.638
2271, 12.6716,-50.9868,5.659
2272, 29.292,-47.3853,5.909
2273, 22.8129,-49.0727,5.176
2274, 28.9894,-51.6089,4.764
2275, 36.7463,-47.7038,4.066
2276, 34.1274,-51.5122,3.409
2277, 64.0066,-51.4866,4.613
2278, 75.7029,-49.1514,5.877
2279, 88.6713,-49.627,5.899
2280, 86.8212,-51.0665,4.056
2281, 96.4319,-48.1769,5.794
2282, 97.4543,-50.2391,5.819
2283, 90.2049,-51.2163,5.891
2284, 102.535,-46.6425,0
2285, 102.478,-46.6146,5.661
2286, 104.499,-46.5514,0
2287, 108.692,-46.8497,5.577
2288, 108.306,-45.1827,4.854
2289, 108.14,-46.7593,4.851
2290, 108.659,-48.2719,4.636
2291, 102.484,-50.6146,4.479
2292, 105.973,-49.5839,5.081
2293, 110.162,-52.0859,5.278
2294, 117.304,-46.8577,5.627
2295, 115.738,-45.1731,5.984
2296, 117.31,-46.3732,3.846
2297, 116.881,-46.6085,5.012
2298, 119.758,-45.2159,5.79
2299, 123.128,-46.2643,5.905
2300, 123.599,-45.8345,5.612
2301, 118.326,-48.1029,4.036
2302, 121.335,-46.9784,5.985
2303, 123.401,-46.9916,4.945
2304, 122.372,-47.3453,3.944
2305, 122.43,-47.9372,4.956
2306, 122.795,-48.462,5.624
2307, 122.29,-48.6844,5.52
2308, 114.183,-48.8302,5.629
2309, 120.121,-48.8718,5.993
2310, 119.56,-49.2449,4.28
2311, 118.265,-49.613,4.333
2312, 127.44,-46.3317,5.808
2313, 130.487,-45.4107,5.419
2314, 131.627,-45.9125,5.728
2315, 130.157,-46.6487,4.612
2316, 131.507,-46.0415,3.891
2317, 132.639,-46.5292,4.829
2318, 132.448,-45.3079,4.986
2319, 125.632,-48.4904,4.676
2320, 127.27,-47.9289,5.332
2321, 130.567,-48.0991,5.236
2322, 130.305,-47.3171,4.914
2323, 133.161,-48.3591,5.715
2324, 134.718,-47.2347,5.453
2325, 133.461,-47.5208,5.624
2326, 130.272,-48.9227,5.641
2327, 130.918,-49.8228,4.883
2328, 126.381,-51.7274,4.954
2329, 125.73,-52.1237,5.908
2330, 128.967,-50.9697,5.62
2331, 137.889,-46.5839,5.517
2332, 136.039,-47.0977,5.283
2333, 138.394,-47.3384,5.855
2334, 143.435,-49.0052,5.411
2335, 144.206,-49.355,4.552
2336, 135.436,-52.1887,5.142
2337, 139.524,-51.0509,5.169
2338, 142.521,-51.5172,5.334
2339, 143.537,-51.2553,4.763
2340, 148.574,-45.2835,5.646
2341, 147.488,-45.7327,4.962
2342, 149.427,-48.4141,5.897
2343, 148.713,-50.244,5.711
2344, 148.459,-51.1467,5.736
2345, 153.345,-51.233,5.575
2346, 153.367,-51.7558,5.947
2347, 152.234,-51.8113,4.679
2348, 157.989,-45.0667,5.452
2349, 157.986,-45.0697,5.85
2350, 0,0,4.196
2351, 166.13,-47.6791,5.963
2352, 161.692,-49.4202,3.907
2353, 168.138,-49.101,5.566
2354, 176.433,-45.6901,5.123
2355, 173.982,-47.6416,5.549
2356, 182.061,-48.6925,5.312
2357, 189.426,-48.5413,3.913
2358, 187.01,-50.2306,3.653
2359, 190.379,-48.9598,2.844
2360, 190.379,-48.9598,2.922
2361, 182.022,-50.6613,4.245
2362, 182.09,-50.7224,2.41
2363, 182.913,-52.3685,3.759
2364, 186.632,-51.4506,4.615
2365, 196.57,-48.4633,4.519
2366, 195.889,-49.5273,4.854
2367, 196.728,-49.9062,4.023
2368, 194.268,-51.1988,5.073
2369, 198.347,-50.6998,5.887
2370, 200.568,-52.183,5.918
2371, 202.355,-51.1651,5.1
2372, 204.348,-46.4279,5.765
2373, 210.431,-45.6034,5.066
2374, 207.947,-46.8987,5.558
2375, 208.489,-47.1282,5.802
2376, 206.664,-51.4328,5.832
2377, 208.801,-52.1608,5.573
2378, 212.396,-51.5047,5.903
2379, 215.177,-45.1871,5.12
2380, 214.851,-46.0581,3.306
2381, 216.534,-45.2214,4.35
2382, 216.545,-45.3793,4.843
2383, 217.536,-45.3214,5.401
2384, 215.661,-48.3199,5.929
2385, 221.621,-47.4411,5.821
2386, 224.133,-47.8792,5.939
2387, 217.587,-49.519,5.441
2388, 218.154,-50.4572,4.188
2389, 219.472,-49.4258,3.849
2390, 227.211,-45.2798,3.839
2391, 226.28,-47.0512,4.407
2392, 226.28,-47.0512,4.463
2393, 230.534,-47.9278,5.569
2394, 229.633,-47.8752,4.813
2395, 229.633,-47.8752,4.901
2396, 227.984,-48.7378,3.788
2397, 227.99,-48.7437,5.662
2398, 233.436,-48.5508,0
2399, 228.071,-52.0992,4.556
2400, 234.706,-52.3727,5.426
2401, 241.623,-45.1732,5.005
2402, 246.012,-45.1588,0
2403, 247.426,-46.2432,5.919
2404, 243.814,-47.372,4.98
2405, 246.796,-47.5548,4.422
2406, 237.49,-48.9124,5.928
2407, 240.804,-49.2297,5.804
2408, 244.254,-50.0681,5.928
2409, 245.617,-49.5724,5.244
2410, 244.96,-50.1555,5.388
2411, 244.518,-50.9627,0
2412, 251.048,-48.0153,0
2413, 250.418,-49.6516,5.596
2414, 250.335,-48.763,5.825
2415, 254.575,-50.6412,5.542
2416, 254.12,-52.2838,5.845
2417, 261.717,-45.843,5.562
2418, 263.915,-46.5057,4.529
2419, 260.817,-47.4682,5.104
2420, 265.318,-46.9218,5.766
2421, 261.284,-49.0701,0
2422, 262.96,-49.8761,2.672
2423, 265.099,-49.4156,5.227
2424, 261.802,-50.6304,5.974
2425, 266.036,-51.8341,5.964
2426, 272.807,-45.9544,5.788
2427, 278.008,-45.7574,4.9
2428, 277.939,-45.9148,4.778
2429, 276.743,-45.9685,3.254
2430, 271.658,-50.0915,3.526
2431, 277.208,-49.0706,5.392
2432, 274.254,-51.0683,5.996
2433, 286.732,-48.2991,5.933
2434, 286.583,-52.3409,5.809
2435, 293.34,-45.2718,5.561
2436, 309.392,-47.2915,4.368
2437, 311.01,-51.921,4.827
2438, 340.667,-46.8846,4.131
2439, 347.59,-45.2467,5.143
2440, 344.199,-47.9692,5.989
2441, 342.139,-51.3169,3.586
2442, 354.462,-45.4923,4.826
2443, 356.817,-50.2265,4.955
2444, 10.4433,-56.5013,5.961
2445, 10.8385,-57.4631,4.352
2446, 26.5261,-53.522,5.077
2447, 17.0962,-55.2458,3.885
2448, 39.3515,-52.5431,5.629
2449, 42.7024,-54.363,0
2450, 40.165,-54.5499,5.691
2451, 45.9034,-59.7378,5.52
2452, 64.121,-59.3022,5.817
2453, 72.7305,-53.4615,5.923
2454, 0,0,3.169
2455, 76.3777,-57.4727,5.32
2456, 71.0881,-59.7327,5.513
2457, 88.7087,-52.6355,5.618
2458, 80.5923,-56.1344,5.978
2459, 87.4569,-56.1667,5.896
2460, 92.5746,-54.9686,4.422
2461, 98.7441,-52.9756,4.332
2462, 102.464,-53.6224,5.554
2463, 95.7326,-56.37,5.888
2464, 106.076,-56.7497,5.1
2465, 97.993,-58.7538,5.557
2466, 105.813,-59.1781,5.685
2467, 114.751,-53.2734,5.9
2468, 118.124,-54.3672,5.491
2469, 119.195,-52.9824,3.222
2470, 120.208,-54.1513,5.675
2471, 129.99,-53.0547,4.995
2472, 126.902,-53.0885,5.384
2473, 129.849,-53.4398,5.254
2474, 130.579,-53.1001,5.309
2475, 130.606,-53.114,4.612
2476, 130.073,-52.9219,3.372
2477, 130.073,-53.0154,5.382
2478, 122.39,-56.0854,5.9
2479, 125.3,-57.9732,5.826
2480, 133.266,-56.6495,5.982
2481, 131.677,-56.7698,4.27
2482, 132.902,-57.6336,5.45
2483, 128.815,-58.2247,5.065
2484, 130.154,-59.761,4.151
2485, 134.08,-52.7235,4.56
2486, 141.575,-53.3789,4.951
2487, 145.926,-53.8913,5.497
2488, 144.303,-53.6684,5.682
2489, 136.642,-55.8024,5.917
2490, 140.459,-55.5147,5.846
2491, 145.45,-55.2138,5.818
2492, 142.805,-57.0344,5.19
2493, 145.177,-57.9836,5.538
2494, 134.851,-59.0837,5.651
2495, 134.243,-59.2293,4.673
2496, 138.823,-58.3884,5.873
2497, 137.742,-58.9669,3.196
2498, 0,0,2.465
2499, 143.611,-59.2298,4.06
2500, 149.296,-52.6388,5.962
2501, 157.841,-53.7155,5.457
2502, 149.216,-54.5678,3.402
2503, 153.819,-54.9742,5.932
2504, 155.228,-56.0432,4.352
2505, 159.827,-55.6033,5.551
2506, 152.944,-58.0605,5.605
2507, 159.511,-57.2563,5.719
2508, 156.852,-57.6388,5.238
2509, 153.255,-59.9181,5.978
2510, 156.97,-58.7394,4.173
2511, 170.252,-54.491,3.719
2512, 161.739,-56.7572,5.025
2513, 163.129,-57.2404,5.416
2514, 166.001,-57.9553,5.933
2515, 170.784,-56.7794,5.799
2516, 160.669,-59.2158,5.642
2517, 163.374,-58.8532,4.951
2518, 168.378,-59.6193,5.591
2519, 167.147,-58.975,5.505
2520, 172.953,-59.5156,5.681
2521, 173.69,-54.2641,4.517
2522, 179.563,-56.3173,5.344
2523, 178.043,-56.9877,5.625
2524, 185.706,-57.6761,5.248
2525, 183.786,-58.7489,2.515
2526, 192.741,-52.7874,5.851
2527, 197.743,-52.5669,5.926
2528, 196.91,-53.4598,5.614
2529, 190.788,-56.1762,5.882
2530, 191.595,-56.4888,4.42
2531, 193.988,-56.8358,5.343
2532, 193.654,-57.1687,4.836
2533, 193.648,-57.1779,3.744
2534, 190.486,-59.6858,4.849
2535, 193.663,-59.1467,4.413
2536, 0,0,5.455
2537, 198.073,-59.9206,4.481
2538, 200.158,-52.7478,5.284
2539, 208.02,-52.8115,5.141
2540, 208.43,-53.3733,5.861
2541, 212.478,-53.4389,5.916
2542, 205.437,-54.5594,5.118
2543, 205.734,-56.768,5.865
2544, 205.505,-58.7871,5.332
2545, 224.072,-52.8096,5.542
2546, 215.081,-56.3865,4.43
2547, 213.738,-57.0861,4.942
2548, 215.654,-58.4591,5.997
2549, 237.53,-53.2098,5.688
2550, 237.778,-55.0555,5.758
2551, 0,0,4.184
2552, 0,0,4.829
2553, 0,0,0
2554, 242.327,-57.9343,5.537
2555, 240.884,-57.7751,4.938
2556, 243.957,-57.9123,5.781
2557, 247.063,-58.5998,5.671
2558, 251.588,-58.5036,5.594
2559, 251.832,-58.3414,5.454
2560, 252.446,-59.0414,5.81
2561, 254.896,-53.1604,5.939
2562, 255.786,-53.237,5.842
2563, 255.026,-54.5972,5.862
2564, 254.655,-55.9901,5.234
2565, 261.325,-55.5299,4.744
2566, 264.523,-54.5004,5.478
2567, 256.103,-57.7122,5.603
2568, 262.847,-56.921,5.912
2569, 0,0,3.123
2570, 267.618,-53.6124,5.576
2571, 274.281,-56.0234,5.27
2572, 284.616,-52.9386,4.775
2573, 290.713,-54.4239,5.044
2574, 282.021,-59.4743,0
2575, 297.005,-56.3626,5.562
2576, 299.276,-58.9013,5.255
2577, 297.687,-59.1937,5.571
2578, 318.941,-53.2631,5.948
2579, 0,0,4.683
2580, 313.703,-58.4542,5.265
2581, 329.479,-54.9926,4.738
2582, 330.101,-55.8835,5.924
2583, 345.22,-52.7541,5.339
2584, 351.652,-52.7216,5.973
2585, 349.357,-58.2357,4.459
2586, 5.01776,-64.8748,4.9
2587, 7.88612,-62.9582,4.242
2588, 7.88945,-62.9656,4.648
2589, 8.18294,-63.0315,5.117
2590, 10.6182,-65.468,5.974
2591, 0,0,3.202
2592, 36.2246,-60.3119,5.803
2593, 42.2562,-62.8065,5.384
2594, 44.6991,-64.0713,5.131
2595, 0,0,5.94
2596, 63.6062,-62.4739,4.469
2597, 52.3445,-62.9375,5.163
2598, 56.0499,-64.8069,5.29
2599, 64.4178,-63.2555,5.938
2600, 52.7155,-66.4897,5.735
2601, 83.4063,-62.4898,4.896
2602, 96.0577,-60.2813,5.772
2603, 88.5253,-63.0897,5.976
2604, 97.7943,-61.8795,5.95
2605, 102.048,-61.9413,3.507
2606, 86.1932,-65.7355,4.586
2607, 87.473,-66.9012,4.922
2608, 91.5391,-66.0396,5.681
2609, 119.711,-60.8245,5.658
2610, 119.303,-63.2968,5.999
2611, 117.421,-66.196,5.717
2612, 122.253,-61.3024,5.243
2613, 133.453,-60.3539,5.652
2614, 133.762,-60.6446,3.698
2615, 123.816,-62.9156,5.339
2616, 0,0,4.593
2617, 126.434,-66.1369,5.218
2618, 132.645,-66.793,5.82
2619, 135.612,-66.3961,4.185
2620, 144.837,-61.3281,4.418
2621, 154.271,-61.3323,5.396
2622, 137.82,-62.317,3.727
2623, 140.237,-62.4046,5.971
2624, 141.364,-61.9505,5.954
2625, 146.312,-62.5079,5.488
2626, 146.776,-65.072,3.307
2627, 142.127,-66.7019,5.914
2628, 153.378,-66.3728,5.418
2629, 0,0,3.233
2630, 168.15,-60.3176,5.197
2631, 167.142,-61.9472,5.367
2632, 166.635,-62.4241,5.895
2633, 160.963,-64.249,5.723
2634, 160.048,-65.1002,5.299
2635, 0,0,4.615
2636, 0,0,5.116
2637, 0,0,4.654
2638, 0,0,2.457
2639, 160.559,-64.4664,4.558
2640, 161.569,-64.5146,5.194
2641, 168.188,-64.1698,5.119
2642, 170.839,-64.9546,5.242
2643, 155.742,-66.9015,4.8
2644, 174.093,-61.0524,5.687
2645, 171.648,-61.1152,5.173
2646, 174.53,-61.8265,5.089
2647, 176.628,-61.1784,5.217
2648, 185.34,-60.4011,5.408
2649, 173.945,-63.0198,3.055
2650, 179.417,-62.4487,5.359
2651, 175.88,-62.4894,5.969
2652, 177.614,-62.6494,5.968
2653, 181.08,-63.1657,4.591
2654, 180.756,-63.3129,4.625
2655, 186.629,-63.1222,4.644
2656, 171.43,-63.9725,5.748
2657, 0,0,4.123
2658, 179.699,-64.3396,5.775
2659, 177.963,-65.2059,4.807
2660, 181.72,-64.6137,4.536
2661, 184.609,-64.0031,3.827
2662, 176.402,-66.7288,3.825
2663, 200.658,-60.9884,4.335
2664, 190.709,-63.0586,5.528
2665, 0,0,0
2666, 197.03,-65.306,5.61
2667, 201.308,-64.4851,5.778
2668, 201.002,-64.5357,5.564
2669, 198.203,-66.2267,5.96
2670, 214.965,-61.273,5.549
2671, 221.322,-62.8756,5.705
2672, 220.627,-64.9751,3.474
2673, 214.161,-66.5879,5.625
2674, 222.186,-66.5936,5.742
2675, 229.153,-60.904,5.668
2676, 229.705,-60.4963,5.297
2677, 229.237,-60.9573,4.956
2678, 239.025,-60.4825,5.853
2679, 224.183,-62.781,5.003
2680, 0,0,3.18
2681, 239.742,-65.0376,5.657
2682, 223.677,-65.9911,5.978
2683, 234.18,-66.317,5.603
2684, 243.859,-63.6857,5.253
2685, 246.989,-64.0579,5.679
2686, 251.667,-67.1097,4.978
2687, 261.078,-60.6738,5.67
2688, 262.775,-60.6838,3.463
2689, 261.004,-62.8642,5.485
2690, 272.145,-63.6685,4.625
2691, 266.433,-64.7239,5.111
2692, 277.843,-62.2783,4.478
2693, 0,0,4.006
2694, 281.362,-64.8713,5.015
2695, 284.238,-67.2335,5.22
2696, 289.301,-66.661,5.761
2697, 302.182,-66.1821,4.476
2698, 310.011,-60.5489,5.74
2699, 309.397,-61.5299,5.374
2700, 308.895,-60.5817,5.097
2701, 0,0,4.783
2702, 310.488,-66.7607,5.054
2703, 311.24,-66.2032,3.62
2704, 334.625,-60.2596,4.679
2705, 336.833,-64.9664,4.476
2706, 337.157,-67.4891,5.804
2707, 352.254,-63.1107,5.463
2708, 359.396,-64.2982,5.067
2709, 359.979,-65.5771,4.388
2710, 5.16266,-69.6249,5.44
2711, 18.9423,-68.876,5.469
2712, 1.17213,-71.4369,5.453
2713, 28.7339,-67.6473,5.863
2714, 39.8973,-68.2669,4.037
2715, 35.4373,-68.6594,4.128
2716, 41.386,-67.6166,4.91
2717, 45.5644,-71.9025,5.333
2718, 70.7665,-70.931,5.364
2719, 56.8098,-74.239,5.356
2720, 92.1844,-68.8434,4.962
2721, 92.5603,-74.753,5.968
2722, 109.208,-67.9572,4.92
2723, 107.187,-70.4989,5.053
2724, 102.862,-70.9634,5.263
2725, 115.455,-72.6061,5.258
2726, 121.983,-68.6171,4.24
2727, 139.322,-68.6896,5.862
2728, 126.82,-70.0935,5.481
2729, 129.772,-70.3867,5.192
2730, 136.41,-70.5385,4.461
2731, 125.002,-71.5054,5.471
2732, 124.954,-71.5149,5.23
2733, 136.287,-72.6027,5.2
2734, 125.519,-73.4,5.29
2735, 139.365,-74.7346,5.845
2736, 139.355,-74.8943,5.346
2737, 152.376,-68.6828,5.895
2738, 153.434,-70.0379,3.196
2739, 166.708,-70.8779,5.476
2740, 157.584,-71.9928,4.766
2741, 156.099,-74.0316,4.401
2742, 0,0,0
2743, 181.162,-68.3289,5.363
2744, 185.531,-67.5221,5.368
2745, 180.657,-69.1923,5.784
2746, 0,0,3.328
2747, 0,0,3.803
2748, 189.296,-69.1356,2.439
2749, 171.046,-72.2566,5.591
2750, 188.117,-72.133,3.641
2751, 198.812,-67.8946,4.667
2752, 201.46,-70.6273,5.623
2753, 195.772,-71.4757,5.945
2754, 195.568,-71.5489,5.135
2755, 229.727,-68.6795,2.886
2756, 232.878,-73.3896,5.201
2757, 235.089,-73.4467,5.577
2758, 250.346,-68.2961,5.772
2759, 254.892,-69.2682,5.743
2760, 252.166,-69.0277,3.79
2761, 247.117,-70.0844,5.561
2762, 260.524,-70.1232,5.322
2763, 280.759,-71.4281,5.46
2764, 297.355,-72.5034,5.682
2765, 300.148,-72.9105,3.928
2766, 326.37,-71.0089,5.894
2767, 346.218,-68.8202,5.966
2768, 6.43783,-77.2543,3.543
2769, 87.5699,-79.3614,5.359
2770, 104.144,-79.4202,5.501
2771, 100.012,-80.8136,5.846
2772, 124.631,-76.9197,4.524
2773, 125.161,-77.4845,5.838
2774, 130.331,-78.9634,5.329
2775, 141.038,-80.7869,5.861
2776, 143.472,-80.9413,4.885
2777, 150.182,-82.2147,5.577
2778, 179.907,-78.2219,4.859
2779, 160.465,-79.7833,5.876
2780, 161.446,-80.5402,4.208
2781, 184.587,-79.3122,4.075
2782, 235.478,-76.082,5.897
2783, 215.597,-80.1089,4.908
2784, 221.965,-79.0448,5.701
2785, 214.558,-81.0078,5.184
2786, 275.902,-75.0443,5.51
2787, 250.769,-77.5174,5.588
2788, 248.363,-78.8971,5.02
2789, 316.179,-77.0238,5.71
2790, 0,0,5.019
2791, 334.461,-77.5116,5.848
2792, 342.595,-80.1238,5.15
2793, 341.515,-81.3816,4.382
2794, 134.171,-85.6632,5.777
2795, 205.231,-85.786,5.775
2796, 235.821,-84.4653,5.71
2797, 227.787,-84.7878,5.832
2798, 317.195,-88.9565,5.774
