148  4.452 47.90736180 19.72667570 -75.854749 39.489841
149  4.867 48.72540591 21.04444737 -67.206563 43.768713
217  4.802 29.48215334 23.59606343 -49.415123 -67.076583
218  3.457 28.27045048 29.57882527 -11.384585 -69.585901
219  4.624 40.86298401 27.70715021 -26.759670 -1.941026
220  3.579 42.49597556 27.26050911 -29.472969 6.949512
221  4.639 41.97725417 29.24711770 -17.304471 4.036705
222  4.639 50.08483464 29.04846440 -16.738987 47.635328
223  3.849 56.45669538 24.36775119 -42.555585 86.928276
224  3.601 57.29059475 24.05341343 -43.998293 92.158944
225  4.152 56.58155286 23.94834792 -45.138982 88.052731
226  4.272 56.30206106 24.46726881 -42.024473 85.927671
301  3.017 32.38594355 34.98729435 19.748744 -44.464392
302  4.933 34.26346537 34.22423504 14.312630 -35.261273
303  3.999 34.32861366 33.84719231 11.977378 -35.077784
304  4.735 42.87848766 35.05974318 18.289422 8.301146
305  0.000 49.04865706 33.26302641 8.735733 40.132316
306  4.993 49.68261040 34.22265255 14.884431 42.942655
307  3.906 56.07972678 32.28824964 6.688835 77.737788
308  2.858 58.53300785 31.88363844 6.153258 91.418147
309  4.962 55.59435755 33.96502764 16.717164 73.721956
310  4.026 59.74125101 35.79103224 31.657357 93.712293
367  4.942 25.14507048 40.57704845 59.384314 -76.372559
368  4.804 32.12191368 37.85907972 37.598576 -44.297210
369  4.253 42.64608807 38.31865113 38.316111 6.872188
370  3.539 46.29413731 38.84027493 42.171578 24.339452
371  4.961 40.56214360 40.19394211 49.912639 -3.104743
372  4.690 44.69029797 39.66272904 46.915485 16.468983
373  4.732 47.82242100 39.61158947 47.441297 31.405298
374  3.889 47.37406045 44.85753454 80.439352 27.365876
375  3.813 56.29846300 42.57855004 71.209071 69.704861
376  4.954 50.36065710 43.32965275 71.943276 41.565050
420  4.988 20.58508273 45.52877917 96.050301 -92.469710
421  4.874 21.91408519 45.40669377 93.673388 -86.463828
423  3.719 24.49815065 48.62821220 112.189322 -71.198167
426  4.492 52.64368819 47.99521392 103.574226 48.805343
427  4.295 54.12240631 48.19262969 105.936237 55.042019
428  4.107 47.26674916 49.61327841 111.640066 25.129955
429  4.715 52.34187782 49.50895109 113.483921 46.447836
430  4.962 52.01279081 49.06286921 110.277775 45.364391
509  2.640 28.56979900 20.80828200 -66.763029 -74.525034
510  2.000 31.79285900 23.46276100 -51.253180 -53.763731
