148  4.452 47.90736180 19.72667570 -39.489843 -75.854748
149  4.867 48.72540591 21.04444737 -43.768715 -67.206562
217  4.802 29.48215334 23.59606343 67.076582 -49.415124
218  3.457 28.27045048 29.57882527 69.585901 -11.384587
219  4.624 40.86298401 27.70715021 1.941025 -26.759670
220  3.579 42.49597556 27.26050911 -6.949513 -29.472968
221  4.639 41.97725417 29.24711770 -4.036706 -17.304471
222  4.639 50.08483464 29.04846440 -47.635328 -16.738986
223  3.849 56.45669538 24.36775119 -86.928277 -42.555582
224  3.601 57.29059475 24.05341343 -92.158945 -43.998291
225  4.152 56.58155286 23.94834792 -88.052732 -45.138980
226  4.272 56.30206106 24.46726881 -85.927672 -42.024471
301  3.017 32.38594355 34.98729435 44.464393 19.748743
302  4.933 34.26346537 34.22423504 35.261274 14.312629
303  3.999 34.32861366 33.84719231 35.077784 11.977377
304  4.735 42.87848766 35.05974318 -8.301146 18.289423
305  0.000 49.04865706 33.26302641 -40.132316 8.735734
306  4.993 49.68261040 34.22265255 -42.942655 14.884432
307  3.906 56.07972678 32.28824964 -77.737788 6.688837
308  2.858 58.53300785 31.88363844 -91.418147 6.153260
309  4.962 55.59435755 33.96502764 -73.721956 16.717166
310  4.026 59.74125101 35.79103224 -93.712292 31.657360
367  4.942 25.14507048 40.57704845 76.372561 59.384312
368  4.804 32.12191368 37.85907972 44.297211 37.598575
369  4.253 42.64608807 38.31865113 -6.872187 38.316111
370  3.539 46.29413731 38.84027493 -24.339450 42.171579
371  4.961 40.56214360 40.19394211 3.104745 49.912638
372  4.690 44.69029797 39.66272904 -16.468981 46.915485
373  4.732 47.82242100 39.61158947 -31.405296 47.441298
374  3.889 47.37406045 44.85753454 -27.365874 80.439353
375  3.813 56.29846300 42.57855004 -69.704859 71.209073
376  4.954 50.36065710 43.32965275 -41.565048 71.943277
420  4.988 20.58508273 45.52877917 92.469713 96.050299
421  4.874 21.91408519 45.40669377 86.463830 93.673386
423  3.719 24.49815065 48.62821220 71.198170 112.189320
426  4.492 52.64368819 47.99521392 -48.805340 103.574228
427  4.295 54.12240631 48.19262969 -55.042016 105.936239
428  4.107 47.26674916 49.61327841 -25.129952 111.640067
429  4.715 52.34187782 49.50895109 -46.447833 113.483923
430  4.962 52.01279081 49.06286921 -45.364388 110.277776
509  2.640 28.56979900 20.80828200 74.525032 -66.763031
510  2.000 31.79285900 23.46276100 53.763729 -51.253182
