165  4.986 76.86250000 18.64510000 31.107315 -83.139486
378  4.374 69.17260000 41.26480000 60.512593 61.166987
435  4.516 89.98370000 45.93670000 -34.677628 88.110600
165  4.986 76.86250000 18.64510000 31.107315 -83.139486
166  4.633 75.77390000 21.59000000 36.526668 -64.050851
168  4.639 83.05310000 18.59420000 -5.799153 -83.917869
169  4.844 81.90870000 21.93700000 0.981264 -62.613231
171  4.462 88.59570000 20.27620000 -38.265680 -72.370031
172  4.662 90.97990000 20.13840000 -52.480770 -72.582856
173  4.102 97.24080000 20.21210000 -90.334034 -69.305621
228  4.239 70.56130000 22.95690000 66.228964 -53.565338
229  0.000 79.80600000 23.64590000 12.863773 -51.791152
230  4.987 87.25400000 24.56750000 -29.051076 -45.603784
231  4.806 89.49860000 25.95390000 -41.135256 -36.389801
232  4.550 88.33190000 27.61230000 -34.033700 -26.481162
233  4.434 93.84450000 29.49810000 -63.157888 -12.573437
311  2.830 74.24840000 33.16610000 40.190980 8.142239
312  4.689 79.54400000 33.37160000 12.941089 8.050522
313  4.939 73.15830000 36.70320000 44.019181 30.363662
314  4.763 83.18200000 32.19200000 -5.701571 0.715103
315  4.917 87.76020000 37.30560000 -27.765739 32.850324
378  4.374 69.17260000 41.26480000 60.512593 61.166987
379  4.847 78.35720000 38.48450000 17.921779 39.652993
380  3.888 75.61950000 41.07580000 30.177062 56.542846
381  4.623 87.29350000 39.18110000 -24.915374 44.325655
382  4.087 87.87250000 39.14850000 -27.701745 44.292846
435  4.516 89.98370000 45.93670000 -34.677628 88.110600
165  4.986 76.86250000 18.64510000 31.107315 -83.139486
166  4.633 75.77390000 21.59000000 36.526668 -64.050851
168  4.639 83.05310000 18.59420000 -5.799153 -83.917869
169  4.844 81.90870000 21.93700000 0.981264 -62.613231
171  4.462 88.59570000 20.27620000 -38.265680 -72.370031
172  4.662 90.97990000 20.13840000 -52.480770 -72.582856
173  4.102 97.24080000 20.21210000 -90.334034 -69.305621
228  4.239 70.56130000 22.95690000 66.228964 -53.565338
229  0.000 79.80600000 23.64590000 12.863773 -51.791152
230  4.987 87.25400000 24.56750000 -29.051076 -45.603784
231  4.806 89.49860000 25.95390000 -41.135256 -36.389801
232  4.550 88.33190000 27.61230000 -34.033700 -26.481162
233  4.434 93.84450000 29.49810000 -63.157888 -12.573437
311  2.830 74.24840000 33.16610000 40.190980 8.142239
312  4.689 79.54400000 33.37160000 12.941089 8.050522
313  4.939 73.15830000 36.70320000 44.019181 30.363662
314  4.763 83.18200000 32.19200000 -5.701571 0.715103
315  4.917 87.76020000 37.30560000 -27.765739 32.850324
378  4.374 69.17260000 41.26480000 60.512593 61.166987
379  4.847 78.35720000 38.48450000 17.921779 39.652993
380  3.888 75.61950000 41.07580000 30.177062 56.542846
381  4.623 87.29350000 39.18110000 -24.915374 44.325655
382  4.087 87.87250000 39.14850000 -27.701745 44.292846
435  4.516 89.98370000 45.93670000 -34.677628 88.110600
