1, 4.709, 28.38895755, 3.18753055
2, 4.995, 22.54631213, 6.14382228
3, 4.587, 25.35789226, 5.48760831
4, 4.1, 30.51169807, 2.76374242
5, 4.968, 38.96863357, 5.59324309
6, 2.716, 45.56988422, 4.08973824
7, 4.919, 49.84040284, 3.37019796
8, 4.353, 54.21826305, 0.40166177
9, 0, 64.92261166, 3.76889045
10, 3.888, 60.78908349, 5.98930391
11, 4.62, 74.63708788, 1.71401474
12, 3.638, 72.80151656, 5.60510315
13, 3.222, 72.46004311, 6.96127723
14, 4.837, 81.18678122, 1.84644655
15, 4.62, 78.3228378, 2.8612555
16, 4.951, 80.70833914, 3.54444725
17, 4.574, 81.70927011, 3.095646
18, 4.909, 88.11016412, 1.85513956
19, 4.503, 84.79644125, 4.12146379
20, 4.439, 82.69607778, 5.94814616
21, 4.423, 95.94203484, 4.59286794
22, 4.593, 101.96520108, 2.41216003
23, 4.486, 98.22594981, 7.33296586
24, 4.524, 120.56640053, 2.33457164
25, 4.248, 130.80614591, 3.39866074
26, 4.577, 129.68932288, 3.34143606
27, 4.132, 129.41403201, 5.70378462
28, 3.488, 131.69386615, 6.41877721
29, 4.332, 132.10820769, 5.83781082
30, 3.21, 133.8484958, 5.94550965
31, 3.853, 138.59111115, 2.31427285
32, 4.818, 144.61369721, 4.64929342
33, 4.968, 165.14019851, 3.61749809
34, 4.998, 165.18667868, 6.10144912
35, 4.66, 166.2542855, 7.33600866
36, 4.031, 170.28413935, 6.02932234
37, 3.649, 177.67382586, 1.76471731
38, 4.209, 176.4648432, 6.52938127
39, 4.658, 180.21829452, 6.61433025
40, 3.577, 193.90086808, 3.39747144
41, 4.976, 199.40117797, 5.46987345
42, 4.916, 203.53304921, 3.65896576
43, 4.25, 210.41163573, 1.54453325
44, 4.964, 213.06585278, 2.40943027
45, 3.716, 221.56218328, 1.89288176
46, 4.513, 225.72516114, 2.09130414
47, 3.714, 237.70402752, 4.47773211
48, 4.482, 236.61088938, 7.3530724
49, 4.858, 245.51811977, 1.02904029
50, 4.147, 247.7284781, 1.98395581
51, 4.496, 261.62866868, 4.14035686
52, 3.737, 266.97316954, 2.70727672
53, 2.879, 265.86813614, 4.56730027
54, 4.432, 270.43832947, 1.30506816
55, 3.959, 270.16131625, 2.93156477
56, 4.217, 271.36404409, 2.49979492
57, 4.957, 275.21692256, 3.37716851
58, 4.742, 270.06582784, 4.36861876
59, 4.996, 281.20807377, 2.06003941
60, 4.592, 284.0549455, 4.20359728
61, 4.93, 284.06098815, 4.20209847
62, 4.729, 291.62953573, 0.33856476
63, 3.39, 291.37457816, 3.11478558
64, 4.058, 298.11820354, 1.00565902
65, 4.576, 293.52230415, 7.37894182
66, 3.807, 298.82830106, 6.40676319
67, 3.993, 318.95595026, 5.24786527
68, 4.76, 336.31926093, 1.37739729
69, 4.906, 336.96467549, 4.69566169
70, 4.923, 351.73314848, 1.2556063
71, 4.461, 345.9692259, 3.82004928
72, 3.798, 349.29140639, 3.28228654
73, 4.394, 351.99206551, 6.37898978
74, 4.514, 355.51169435, 1.78004045
75, 4.176, 354.98767175, 5.62629106
76, 4.06, 359.82787316, 6.86331901
77, 4.594, 12.1706003, 7.58508166
78, 4.364, 15.73586996, 7.89013507
79, 4.368, 26.34846273, 9.15774949
80, 4.453, 33.24998635, 8.84672997
81, 4.261, 37.03975201, 8.46007064
82, 4.305, 41.23559196, 10.11414303
83, 3.705, 51.20332798, 9.02887505
84, 4.246, 52.71824103, 12.93667724
85, 3.388, 60.17006453, 12.49034684
86, 4.267, 63.88357331, 8.89235728
87, 4.272, 68.91360147, 10.16079261
88, 4.794, 66.65155384, 14.71378525
89, 4.67, 68.46215695, 14.84442457
90, 4.343, 72.6530041, 8.90017727
91, 4.659, 73.72386559, 10.15083236
92, 4.277, 69.539426, 12.51083729
93, 4.941, 73.1331831, 14.25064331
94, 4.2, 74.09281277, 13.51446669
95, 4.187, 84.22662092, 9.29067066
96, 3.509, 83.7844872, 9.93415437
97, 4.367, 83.70515583, 9.48957657
98, 4.152, 90.59582367, 9.64729514
99, 4.865, 87.38721365, 12.65132162
100, 4.371, 91.89302608, 14.76847246
101, 4.413, 92.984985, 14.20876552
102, 4.923, 101.83262719, 8.03725286
103, 4.642, 100.24440064, 9.89575245
104, 3.377, 101.32235246, 12.89558957
105, 4.618, 100.9970525, 13.22800619
106, 4.751, 103.66098164, 13.17782101
107, 4.48, 112.04081045, 8.92553211
108, 4.676, 112.449097, 12.00656121
109, 3.684, 124.12883577, 9.1855446
110, 4.268, 134.62174055, 11.85768694
111, 3.562, 145.28764248, 9.89230752
112, 4.859, 150.05335881, 8.04422465
113, 4.532, 151.97612751, 9.99750678
114, 3.806, 158.20279801, 9.306586
115, 4.056, 170.98108722, 10.52953361
116, 4.864, 176.32099858, 8.25812036
117, 4.212, 181.30224957, 8.73297201
118, 4.877, 190.47106628, 10.23562633
119, 2.917, 195.54415972, 10.95914863
120, 4.973, 220.41146061, 8.16176273
121, 4.464, 220.28722647, 13.7283469
122, 4.554, 220.28722647, 13.7283469
123, 4.171, 233.70061048, 10.53889165
124, 0, 248.3083134, 11.51197957
125, 4.565, 246.35397884, 14.03327273
126, 3.31, 254.41707145, 9.37503097
127, 4.347, 253.50196535, 10.16536115
128, 4.889, 256.3445431, 12.7408249
129, 3.48, 258.66188627, 14.39036763
130, 4.745, 271.82649942, 8.7338679
131, 0, 284.10694784, 9.95618748
132, 2.958, 286.35253215, 13.86347684
133, 4.824, 298.56200897, 8.46145444
134, 2.861, 296.56491643, 10.61326319
135, 0, 302.05750105, 7.90844994
136, 4.66, 308.82723526, 14.67421103
137, 3.677, 309.38723308, 14.59511021
138, 4.703, 317.58542098, 10.13157595
139, 4.544, 318.62005755, 10.0069808
140, 4.789, 335.37947949, 12.20518618
141, 4.902, 343.80696167, 8.81615347
142, 4.251, 341.67325688, 12.17288835
143, 4.715, 346.75108748, 9.40949244
144, 4.638, 352.28874138, 12.76055418
145, 4.983, 3.65068367, 20.20669856
146, 3.712, 22.87087592, 15.34582789
147, 4.771, 17.86341594, 21.03465245
148, 4.452, 47.9073618, 19.7266757
149, 4.867, 48.72540591, 21.04444737
150, 4.463, 61.17381933, 22.08192654
151, 3.75, 64.9483497, 15.6276446
152, 4.785, 67.64013379, 16.19401556
153, 3.936, 67.14374055, 15.96215799
154, 3.407, 67.16558706, 15.87088179
155, 4.504, 66.58641399, 15.61828259
156, 4.686, 69.81876109, 15.91797839
157, 3.86, 65.73371968, 17.54251527
158, 4.81, 66.0240013, 17.44413435
159, 4.262, 66.37244991, 17.92790534
160, 4.947, 64.31525576, 20.57859111
161, 3.635, 67.1541614, 19.18043252
162, 4.215, 66.34236228, 22.29387398
163, 4.85, 77.42483871, 15.59723483
164, 4.652, 76.14228976, 15.40410506
165, 4.986, 76.86252944, 18.64505359
166, 4.633, 75.77394436, 21.58996112
167, 4.816, 85.32381687, 16.53414321
168, 4.639, 83.05313167, 18.59423706
169, 4.844, 81.90869034, 21.9369655
170, 4.923, 93.01366765, 16.13040337
171, 4.462, 88.59573271, 20.27619413
172, 4.662, 90.97994038, 20.13844671
173, 4.102, 97.24078288, 20.2121344
174, 3.575, 109.52324564, 16.54038384
175, 4.05, 106.02721351, 20.57029288
176, 4.048, 131.17125265, 18.15430914
177, 4.654, 130.8214428, 21.46849861
178, 4.834, 154.93403667, 19.47091207
179, 4.405, 165.58239885, 20.17984033
180, 3.304, 168.56002313, 15.4295709
181, 4.585, 176.99639963, 20.21893252
182, 4.835, 185.17927905, 17.79287347
183, 4.922, 194.73101062, 17.40944591
184, 4.427, 197.49702877, 17.52944436
185, 4.536, 206.81559567, 17.45689887
186, 4.21, 207.36933719, 15.79791084
187, 4.981, 214.93847695, 16.30695159
188, 4.71, 221.31025369, 16.96427649
189, 4.877, 220.18153253, 16.41834243
190, 3.653, 236.5468981, 15.42181924
191, 4.513, 235.38773106, 19.67040458
192, 4.273, 237.18490292, 18.14156492
193, 4.914, 237.81628762, 20.97791955
194, 4.806, 270.01423021, 16.75091743
195, 4.852, 270.37669898, 21.5957774
196, 4.319, 272.18954515, 20.81455574
197, 3.975, 275.92454518, 21.76974973
198, 4.129, 284.90565846, 15.0682972
199, 4.356, 281.75527926, 18.18151474
200, 4.243, 281.41552299, 20.54630642
201, 4.458, 295.02413159, 18.01389215
202, 4.488, 295.26224442, 17.47604483
203, 4.974, 293.64540303, 19.77340131
204, 4.739, 289.05433625, 21.3904264
205, 4.954, 303.56924523, 15.19760993
206, 3.956, 296.8469495, 18.53428307
207, 3.668, 299.68928618, 19.49214977
208, 4.453, 310.86472592, 15.07457822
209, 4.356, 311.66458324, 16.12429081
210, 4.798, 309.63056858, 21.20118746
211, 4.454, 326.12789848, 17.35001622
212, 4.2, 320.5216682, 19.80450879
213, 4.499, 14.3016661, 23.4176518
214, 4.44, 9.63893624, 29.31175207
215, 4.786, 18.43728157, 24.58370895
216, 4.753, 19.86664165, 27.26405675
217, 4.802, 29.48215334, 23.59606343
218, 3.457, 28.27045048, 29.57882527
219, 4.624, 40.86298401, 27.70715021
220, 3.579, 42.49597556, 27.26050911
221, 4.639, 41.97725417, 29.2471177
222, 4.639, 50.08483464, 29.0484644
223, 3.849, 56.45669538, 24.36775119
224, 3.601, 57.29059475, 24.05341343
225, 4.152, 56.58155286, 23.94834792
226, 4.272, 56.30206106, 24.46726881
227, 4.303, 66.57693588, 22.81357951
228, 4.239, 70.56125872, 22.95694022
229, 0, 79.80602032, 23.6458554
230, 4.987, 87.25399547, 24.56749571
231, 4.806, 89.49856803, 25.95391053
232, 4.55, 88.33186065, 27.61226179
233, 4.434, 93.84453493, 29.49807515
234, 3.138, 100.98302446, 25.13112434
235, 3.662, 116.11187744, 24.39799681
236, 3.888, 111.43164963, 27.79808119
237, 4.227, 113.980627, 26.89574745
238, 4.369, 115.82802764, 28.88351125
239, 4.977, 118.37423405, 26.76578861
240, 4.126, 131.67424592, 28.75990042
241, 4.599, 141.16357534, 26.18232599
242, 4.475, 142.93011451, 22.96797209
243, 3.042, 146.46280605, 23.77425356
244, 4.013, 148.19090555, 26.00695148
245, 4.477, 163.90333907, 24.74972237
246, 4.74, 168.80094818, 23.09551311
247, 4.859, 185.62630134, 25.8461567
248, 4.773, 188.7128287, 22.62924164
249, 4.466, 186.73447237, 28.26842484
250, 4.948, 186.60027028, 27.26823928
251, 4.971, 186.74706742, 26.82570069
252, 4.999, 192.92467317, 27.54071548
253, 4.304, 197.96830985, 27.87818125
254, 4.952, 196.79470976, 27.62474074
255, 4.868, 212.59972001, 25.09167937
256, 2.578, 221.24676327, 27.0742078
257, 4.965, 225.52711771, 25.00814033
258, 4.501, 218.67007062, 29.74512688
259, 4.974, 226.82527678, 24.86919657
260, 4.653, 226.1114234, 26.94764897
261, 3.672, 231.95721428, 29.10569774
262, 4.827, 240.57371524, 22.80445158
263, 3.851, 235.68572161, 26.29562122
264, 4.274, 239.39687489, 26.87787278
265, 4.685, 237.39852975, 26.068393
266, 4.963, 240.36068895, 29.85105897
267, 3.115, 258.75796339, 24.83920293
268, 4.552, 262.68462423, 26.1106477
269, 3.49, 266.61464422, 27.72067433
270, 3.794, 269.44119603, 29.24787829
271, 3.823, 271.88562981, 28.76248822
272, 4.667, 283.6870179, 22.64507578
273, 4.958, 281.51866667, 26.66213209
274, 4.61, 292.17637095, 24.66490581
275, 4.683, 292.6891415, 27.96526807
276, 3.186, 292.68035868, 27.95967854
277, 4.957, 291.03158017, 29.62134672
278, 4.631, 298.36538185, 24.07959907
279, 4.86, 297.76712269, 22.61004685
280, 4.675, 300.27520265, 27.75357235
281, 4.725, 303.81622768, 25.59194889
282, 4.656, 303.94222413, 27.81424753
283, 4.66, 313.03200577, 27.09697503
284, 4.7, 322.48706197, 23.63883727
285, 4.185, 326.16136464, 25.645031
286, 4.745, 326.03572417, 28.74264837
287, 3.809, 331.75277679, 25.34511025
288, 3.604, 342.50080903, 24.60157698
289, 4.792, 335.33057367, 28.33052742
290, 4.789, 340.43919248, 29.307631
291, 4.602, 350.15934509, 23.74033926
292, 4.49, 351.34493244, 23.40410164
293, 4.9, 346.77808169, 25.46826185
294, 2.654, 345.94356931, 28.08278481
295, 4.832, 359.4396949, 25.1414001
296, 4.512, 4.58190704, 36.78522535
297, 3.405, 9.83199596, 30.86101828
298, 4.633, 17.91514824, 30.0896432
299, 4.319, 9.22018753, 33.71934456
300, 2.244, 17.43301226, 35.62055764
301, 3.017, 32.38594355, 34.98729435
302, 4.933, 34.26346537, 34.22423504
303, 3.999, 34.32861366, 33.84719231
304, 4.735, 42.87848766, 35.05974318
305, 0, 49.04865706, 33.26302641
306, 4.993, 49.6826104, 34.22265255
307, 3.906, 56.07972678, 32.28824964
308, 2.858, 58.53300785, 31.88363844
309, 4.962, 55.59435755, 33.96502764
310, 4.026, 59.74125101, 35.79103224
311, 2.83, 74.24840612, 33.16608905
312, 4.689, 79.54403863, 33.3716069
313, 4.939, 73.15825285, 36.70318224
314, 4.763, 83.18197424, 32.19202649
315, 4.917, 87.76016086, 37.30556814
316, 4.533, 107.78486986, 30.24516353
317, 3.605, 103.19724379, 33.96125471
318, 4.198, 112.27798875, 31.78453362
319, 4.928, 114.79138281, 34.58435476
320, 3.291, 140.26376269, 34.39256508
321, 4.64, 143.55575614, 36.39755932
322, 4.498, 151.85733873, 35.24469466
323, 4.768, 159.68005495, 31.97623934
324, 4.751, 156.47839085, 33.79612051
325, 4.304, 156.97085298, 36.70722132
326, 3.635, 169.61973721, 33.09430465
327, 4.327, 169.54548201, 31.52919433
328, 4.804, 169.54548201, 31.52919433
329, 3.905, 163.32793148, 34.21487888
330, 4.978, 203.69920192, 37.18241443
331, 4.94, 207.94781625, 34.44424002
332, 4.913, 214.49924148, 35.50950229
333, 3.71, 217.95745423, 30.37143819
334, 4.143, 233.23242458, 31.35912981
335, 3.563, 228.87567834, 33.31483226
336, 4.334, 231.12261791, 37.3771697
337, 4.908, 237.80804851, 35.65738425
338, 4.845, 242.24287372, 36.49092289
339, 4.958, 245.52426025, 30.89199456
340, 3.895, 255.07239077, 30.92640766
341, 4.823, 259.33152881, 33.10010172
342, 3.292, 258.76180626, 36.80916352
343, 4.623, 259.41772651, 37.29149097
344, 4.454, 269.62562215, 30.18928273
345, 3.985, 269.06325342, 37.2505392
346, 4.446, 274.96545761, 36.0645453
347, 3.631, 282.51997683, 33.36266874
348, 3.217, 284.73592752, 32.68955708
349, 4.464, 283.62618203, 36.89861113
350, 4.78, 294.84419106, 30.1533234
351, 4.709, 292.94300702, 34.45296571
352, 4.991, 296.06918753, 37.35435889
353, 0, 300.50595459, 30.12810576
354, 4.574, 305.96510065, 32.19018145
355, 4.008, 299.07655211, 35.08342314
356, 4.904, 302.356746, 36.83961894
357, 4.962, 303.63346892, 36.80630735
358, 4.044, 307.34889446, 30.368555
359, 4.334, 311.41564175, 30.71971549
360, 4.815, 308.47577649, 35.25085332
361, 2.57, 311.55284573, 33.97025353
362, 3.3, 318.23408465, 30.22694106
363, 4.325, 332.49684589, 33.17822027
364, 3.016, 340.75057944, 30.22124754
365, 4.607, 4.27289837, 38.6816459
366, 4.496, 12.45352988, 41.07891001
367, 4.942, 25.14507048, 40.57704845
368, 4.804, 32.12191368, 37.85907972
369, 4.253, 42.64608807, 38.31865113
370, 3.539, 46.29413731, 38.84027493
371, 4.961, 40.5621436, 40.19394211
372, 4.69, 44.69029797, 39.66272904
373, 4.732, 47.822421, 39.61158947
374, 3.889, 47.37406045, 44.85753454
375, 3.813, 56.298463, 42.57855004
376, 4.954, 50.3606571, 43.32965275
377, 4.797, 63.72214846, 40.48365426
378, 4.374, 69.17262533, 41.26481622
379, 4.847, 78.35716405, 38.48449266
380, 3.888, 75.61953354, 41.07583522
381, 4.623, 87.29349494, 39.18107161
382, 4.087, 87.87245959, 39.14849516
383, 4.931, 99.83261633, 42.48888048
384, 4.415, 125.70879565, 43.18813268
385, 4.653, 136.63236308, 38.45221297
386, 4.909, 143.76595818, 39.62149299
387, 3.216, 155.58225403, 41.4995165
388, 4.742, 158.30787094, 40.42555611
389, 4.659, 163.4947529, 43.18995877
390, 3.11, 167.41586628, 44.49848342
391, 4.309, 188.43560242, 41.35747839
392, 4.737, 199.38558526, 40.57260979
393, 3.577, 225.48650868, 40.39056814
394, 4.992, 232.94574314, 40.89933676
395, 4.664, 238.16892772, 42.45151818
396, 4.193, 248.52575146, 42.43702714
397, 4.216, 242.19240346, 44.9349181
398, 3.577, 250.72402056, 38.92225677
399, 4.342, 281.19314347, 37.60511039
400, 4.373, 288.43953049, 39.14596968
401, 4.476, 289.09205674, 38.13373018
402, 4.355, 283.83375594, 43.94609071
403, 4.93, 298.96567714, 38.48670686
404, 4.837, 304.44666974, 38.03292997
405, 2.273, 305.55709378, 40.25667904
406, 3.776, 318.69775875, 38.04538156
407, 3.932, 314.29342003, 41.16715777
408, 4.248, 319.3539699, 39.39468006
409, 4.749, 313.31148109, 44.38726677
410, 3.88, 316.23276236, 43.92785195
411, 4.99, 323.69402909, 38.53405887
412, 4.277, 333.9923998, 37.74874008
413, 4.657, 333.46970605, 39.71492837
414, 4.64, 340.12857743, 44.27630691
415, 0, 354.83600427, 44.49351378
416, 4.266, 354.53417535, 43.26807471
417, 4.126, 355.10211016, 44.33393551
418, 4.972, 10.86696078, 47.02454596
419, 4.775, 10.5162233, 50.51252059
420, 4.988, 20.58508273, 45.52877917
421, 4.874, 21.91408519, 45.40669377
422, 4.284, 17.37554333, 47.24177979
423, 3.719, 24.49815065, 48.6282122
424, 4.011, 25.91515198, 50.68873018
425, 4.895, 36.40593313, 50.27863162
426, 4.492, 52.64368819, 47.99521392
427, 4.295, 54.12240631, 48.19262969
428, 4.107, 47.26674916, 49.61327841
429, 4.715, 52.34187782, 49.50895109
430, 4.962, 52.01279081, 49.06286921
431, 4.803, 65.38819181, 46.4988827
432, 4.238, 63.72442609, 48.4093281
433, 4.263, 61.6459775, 50.35123808
434, 4.6, 64.56090705, 50.29549581
435, 4.516, 89.98374012, 45.93673496
436, 4.896, 104.4046109, 45.0940984
437, 4.607, 111.6785505, 49.21152216
438, 4.8, 122.11436221, 51.5066692
439, 4.468, 143.70597897, 52.05147831
440, 3.818, 176.51255662, 47.77940553
441, 4.859, 186.00623486, 51.56225799
442, 4.685, 203.61358531, 49.01597692
443, 4.535, 213.37086263, 51.78996582
444, 4.181, 214.09591297, 46.08830597
445, 4.1, 216.29914965, 51.85074211
446, 4.763, 214.04137107, 51.36723206
447, 4.694, 240.69956865, 46.03669958
448, 3.854, 244.93515629, 46.31336906
449, 4.838, 252.3092414, 45.98331218
450, 3.763, 264.86618548, 46.00632921
451, 3.775, 292.42649498, 51.72978175
452, 4.832, 303.3252237, 46.81567203
453, 3.929, 303.40794312, 46.74133072
454, 4.534, 294.11055588, 50.22109911
455, 4.89, 312.23454368, 46.11413556
456, 4.157, 303.86799842, 47.71421473
457, 4.735, 314.9564716, 47.52094498
458, 4.92, 307.51475117, 48.95156859
459, 4.082, 323.49521648, 45.59183521
460, 4.703, 316.65039033, 47.648404
461, 4.648, 325.52359559, 51.18961817
462, 4.523, 335.25644987, 46.53656838
463, 4.546, 337.38258661, 47.70688812
464, 4.591, 336.12912665, 49.47639824
465, 4.542, 335.89009757, 52.22904846
466, 4.759, 346.04576762, 50.05208912
467, 4.558, 348.13752084, 49.4062064
468, 4.662, 339.34340468, 51.54511916
469, 3.964, 354.39101265, 46.45815324
470, 0, 350.75676616, 48.36523325
471, 4.728, 14.16627596, 59.18105467
472, 4.957, 13.75065293, 58.97269068
473, 4.791, 23.48281891, 59.23204329
474, 3.942, 42.67421136, 55.8954932
475, 4.88, 46.38504777, 56.70571786
476, 4.43, 74.321668, 53.75210262
477, 3.832, 89.88179951, 54.28467265
478, 4.448, 104.31916384, 58.42274437
479, 4.83, 139.04720364, 54.02185653
480, 4.563, 148.02650542, 54.06433787
481, 4.88, 157.65657878, 55.98053929
482, 2.399, 178.45768181, 53.6947574
483, 4.007, 201.3064015, 54.98795585
484, 4.828, 205.18446983, 54.68163243
485, 4.987, 239.44767341, 54.74976585
486, 3.421, 231.23239349, 58.96606176
487, 4.881, 251.32419808, 56.78184947
488, 4.055, 240.47227953, 58.5652533
489, 0, 276.7514058, 54.82085749
490, 3.853, 268.38220999, 56.8726474
491, 4.832, 278.14385203, 57.0455989
492, 3.884, 289.27570408, 53.36845789
493, 4.765, 282.8004092, 59.38834934
494, 4.287, 303.34944491, 56.56772172
495, 4.571, 311.33803256, 57.5797272
496, 4.267, 325.87692062, 58.78004333
497, 3.51, 332.71364908, 58.20125999
498, 4.207, 337.29276758, 58.4152036
499, 4.628, 358.59596168, 57.49938359
500, 4.998, 356.76439588, 58.6519874
501, 4.894, 56.5097184, 63.34504678
502, 4.123, 75.85454684, 60.44224417
503, 4.722, 130.05342959, 64.32793567
504, 4.684, 137.72940686, 63.51363249
505, 4.783, 207.85808367, 64.72327274
506, 4.977, 250.2296655, 64.58904572
507, 3.511, 311.32240361, 61.83878016
508, 4.446, 330.94771793, 64.62796997
509, 2.64, 28.569799, 20.808282
510, 2.00, 31.792859, 23.462761