1 2 6.53016
1 3 3.79793
1 4 2.16184
1 77 16.7305
1 78 13.4397
1 79 6.30518
1 80 7.44155
1 81 10.0901
1 146 13.3178
1 147 20.5777
1 217 20.4359
1 509 17.6216
1 510 20.5408
2 3 2.873
2 4 8.62966
2 77 10.4012
2 78 6.98099
2 79 4.82501
2 80 10.9498
2 81 14.5597
2 146 9.20747
2 147 15.5666
2 213 19.0091
2 215 18.8563
2 217 18.6841
2 509 15.7841
2 510 19.4709
3 4 5.81706
3 77 13.2673
3 78 9.85303
3 79 3.79927
3 80 8.51936
3 81 11.9688
3 146 10.1563
3 147 17.1621
3 213 20.8558
3 215 20.2194
3 217 18.539
3 509 15.6345
3 510 19.0143
4 77 18.886
4 78 15.5745
4 79 7.61644
4 80 6.66462
4 81 8.63832
4 146 14.6627
4 217 20.8562
4 509 18.1435
4 510 20.7362
77 78 3.54597
77 79 14.1135
77 80 20.8983
77 146 13.0384
77 147 14.531
77 213 15.9642
77 215 18.0243
77 216 20.9877
77 509 20.6438
78 79 10.5711
78 80 17.3524
78 146 10.2152
78 147 13.3042
78 213 15.5884
78 215 16.8921
78 216 19.7652
78 217 20.5013
78 509 17.9066
79 80 6.82346
79 81 10.5878
79 146 7.05889
79 147 14.4178
79 213 18.3343
79 215 17.1705
79 216 19.1136
79 217 14.746
79 218 20.5002
79 509 11.8457
79 510 15.2236
80 81 3.76655
80 146 12.0455
80 147 19.1952
80 217 15.1836
80 509 12.7851
80 510 14.6825
81 146 15.4702
81 217 16.7771
81 509 14.8094
81 510 15.8223
146 147 7.4141
146 213 11.4166
146 214 18.5377
146 215 10.1317
146 216 12.2409
146 217 10.3355
146 218 15.0758
146 297 19.5729
146 298 15.4304
146 300 20.8503
146 509 7.69141
146 510 11.6843
147 213 4.06775
147 214 11.1237
147 215 3.58821
147 216 6.49163
147 217 11.0457
147 218 12.6965
147 297 12.185
147 298 9.05504
147 299 14.8104
147 300 14.5908
147 301 18.9039
147 302 19.572
147 303 19.3845
147 366 20.5617
147 367 20.4992
147 368 20.8532
147 509 10.0012
147 510 13.1132
213 214 7.22257
213 215 3.95362
213 216 6.33011
213 217 13.9153
213 218 13.9221
213 297 8.43696
213 298 7.40971
213 299 11.2221
213 300 12.5012
213 301 19.5167
213 302 20.4985
213 303 20.3815
213 366 17.729
213 367 19.4308
213 368 20.9899
213 509 13.4672
213 510 16.0379
214 215 9.15319
214 216 9.23259
214 217 18.6332
214 218 16.2096
214 297 1.55821
214 298 7.22917
214 299 4.42195
214 300 9.10645
214 301 20.0265
214 366 11.9878
214 367 16.9367
214 368 20.5171
214 418 17.7384
214 420 18.3599
214 421 18.7718
214 422 18.9072
214 509 19.1052
214 510 20.6516
215 216 2.97259
215 217 10.1284
215 218 10.0736
215 297 9.86413
215 298 5.5254
215 299 12.1637
215 300 11.0708
215 301 15.9313
215 302 16.7888
215 303 16.6455
215 366 17.2329
215 367 16.9487
215 368 17.6556
215 509 10.0774
215 510 12.2452
216 217 9.42278
216 218 7.74261
216 297 9.47501
216 298 3.30358
216 299 11.2066
216 300 8.60962
216 301 13.1914
216 302 14.1756
216 303 14.0666
216 366 15.1001
216 367 14.0075
216 368 14.7697
216 418 20.9881
216 420 18.2737
216 421 18.2158
216 422 20.0731
216 509 10.2337
216 510 11.421
217 218 6.07988
217 297 18.8867
217 298 12.1822
217 299 20.4028
217 300 15.9197
217 301 11.6675
217 302 11.4182
217 303 11.093
217 367 17.3676
217 368 14.4404
217 509 2.91292
217 510 2.1226
218 297 15.9661
218 298 8.99442
218 299 16.7099
218 300 10.937
218 301 6.42929
218 302 6.88681
218 303 6.68921
218 366 17.234
218 367 11.2895
218 368 8.876
218 420 17.0539
218 421 16.5982
218 422 19.573
218 423 19.2668
218 509 8.77467
218 510 6.87909
297 298 7.00743
297 299 2.90481
297 300 7.93711
297 301 19.3313
297 302 20.8167
297 303 20.8576
297 366 10.4344
297 367 15.7387
297 368 19.6256
297 418 16.1832
297 419 19.6581
297 420 16.8927
297 421 17.3314
297 422 17.3761
297 423 20.9619
297 509 19.5897
297 510 20.8464
298 299 8.22139
298 300 5.54581
298 301 13.1293
298 302 14.4257
298 303 14.4041
298 366 11.8463
298 367 12.0215
298 368 14.087
298 418 17.7906
298 420 15.5802
298 421 15.6347
298 422 17.1573
298 423 19.2065
298 509 13.3534
298 510 14.0344
299 300 7.01451
299 301 19.1242
299 302 20.7225
299 303 20.8169
299 366 7.79334
299 367 14.396
299 368 18.9811
299 418 13.3634
299 419 16.82
299 420 14.6683
299 421 15.2049
299 422 14.8573
299 423 18.754
299 424 20.8929
300 301 12.2077
300 302 13.8532
300 303 13.9801
300 366 6.70864
300 367 7.8302
300 368 11.9687
300 418 12.4131
300 419 15.7088
300 420 10.1911
300 421 10.3577
300 422 11.6213
300 423 14.0083
300 424 16.2634
300 425 20.0771
300 509 17.7381
300 510 17.3936
301 302 1.7234
301 303 1.96662
301 366 16.7924
301 367 7.99404
301 368 2.87964
301 418 20.1018
301 420 13.8341
301 421 13.1116
301 422 16.6174
301 423 14.8344
301 424 16.3869
301 425 15.5687
301 509 14.5709
301 510 11.536
302 303 0.380522
302 366 18.5154
302 367 9.625
302 368 4.02599
302 420 15.3838
302 421 14.6288
302 422 18.1779
302 423 16.1272
302 424 17.5518
302 425 16.1307
302 509 14.3272
302 510 10.9756
303 366 18.7432
303 367 9.92828
303 368 4.39213
303 420 15.7132
303 421 14.9651
303 422 18.5052
303 423 16.4942
303 424 17.9274
303 425 16.5019
303 509 13.9992
303 510 10.6189
366 367 9.60803
366 368 15.4854
366 418 6.05359
366 419 9.52891
366 420 7.39778
366 421 8.1297
366 422 7.09928
366 423 11.3731
366 424 13.3825
366 425 18.9764
366 471 18.134
366 472 17.9124
366 473 19.4203
367 368 6.04753
367 418 12.1278
367 419 14.2234
367 420 5.96618
367 421 5.37578
367 422 8.69451
367 423 8.06426
367 424 10.1259
367 425 12.4845
367 471 19.8434
367 472 19.7487
367 473 18.6843
367 509 19.9824
367 510 18.0039
368 418 18.0804
368 419 19.8748
368 420 11.5131
368 421 10.7156
368 422 14.3115
368 423 12.1021
368 424 13.5654
368 425 12.7896
368 509 17.3257
368 510 14.3991
418 419 3.49567
418 420 6.87655
418 421 7.80623
418 422 4.43171
418 423 9.27803
418 424 10.5342
418 425 17.0942
418 471 12.3131
418 472 12.0707
418 473 14.3109
419 420 8.36625
419 421 9.1673
419 422 5.56842
419 423 9.24632
419 424 9.75805
419 425 16.422
419 471 8.91631
419 472 8.66115
419 473 11.4358
420 421 0.940036
420 422 2.79887
420 423 4.08629
420 424 6.26463
420 425 11.591
420 471 14.1881
420 472 14.0623
420 473 13.8136
421 422 3.63106
421 423 3.6712
421 424 5.91851
421 425 10.8534
421 471 14.5435
421 472 14.4344
421 473 13.8575
422 423 4.9671
422 424 6.5752
422 425 12.8686
422 471 12.0894
422 472 11.9266
422 473 12.5222
423 424 2.25533
423 425 7.90562
423 471 12.1511
423 472 12.1036
423 473 10.6203
424 425 6.68219
424 471 10.8158
424 472 10.8163
424 473 8.65522
425 471 15.5071
425 472 15.6148
425 473 11.6115
471 472 0.298051
471 473 4.76592
472 473 4.99975
509 510 3.99469
