77  4.594 12.17060000 7.58508000 8 1 16.730515 2 10.401178 3 13.267290 78 3.545970 79 14.113499 146 13.038383 147 14.531056 213 15.964207
78  4.364 15.73590000 7.89014000 12 1 13.439728 2 6.981009 3 9.853024 4 15.574458 77 3.545970 79 10.571091 80 17.352352 146 10.215194 147 13.304173 213 15.588387 215 16.892069 509 17.906593
147  4.771 17.86340000 21.03470000 18 2 15.566607 3 17.162117 77 14.531056 78 13.304173 79 14.417827 146 7.414107 213 4.067729 214 11.123675 215 3.588193 216 6.491629 217 11.045713 218 12.696444 297 12.185025 298 9.055019 299 14.810412 300 14.590770 509 10.001225 510 13.113166
213  4.499 14.30170000 23.41770000 16 77 15.964207 78 15.588387 146 11.416560 147 4.067729 214 7.222567 215 3.953646 216 6.330120 217 13.915321 218 13.922097 297 8.436966 298 7.409700 299 11.222083 300 12.501193 366 17.729031 509 13.467224 510 16.037872
214  4.440 9.63894000 29.31180000 12 147 11.123675 213 7.222567 215 9.153210 216 9.232597 218 16.209597 297 1.558179 298 7.229202 299 4.421918 300 9.106455 366 11.987827 367 16.936670 418 17.738394
297  3.405 9.83200000 30.86100000 15 147 12.185025 213 8.436966 214 1.558179 215 9.864136 216 9.474989 218 15.966058 298 7.007396 299 2.904694 300 7.937112 366 10.434355 367 15.738712 418 16.183138 420 16.892729 421 17.331385 422 17.376129
298  4.633 17.91510000 30.08960000 23 146 15.430432 147 9.055019 213 7.409700 214 7.229202 215 5.525380 216 3.303581 217 12.182243 218 8.994409 297 7.007396 299 8.221359 300 5.545781 301 13.129348 302 14.425710 303 14.404141 366 11.846294 367 12.021453 368 14.086990 418 17.790638 420 15.580195 421 15.634680 422 17.157261 509 13.353409 510 14.034402
299  4.319 9.22019000 33.71930000 16 147 14.810412 213 11.222083 214 4.421918 215 12.163738 216 11.206617 218 16.709915 297 2.904694 298 8.221359 300 7.014526 366 7.793322 367 14.396034 418 13.363379 419 16.820013 420 14.668298 421 15.204869 422 14.857276
300  2.244 17.43300000 35.62060000 25 147 14.590770 213 12.501193 214 9.106455 215 11.070834 216 8.609620 217 15.919726 218 10.936989 297 7.937112 298 5.545781 299 7.014526 301 12.207695 302 13.853168 303 13.980081 366 6.708654 367 7.830221 368 11.968706 418 12.413135 419 15.708778 420 10.191086 421 10.357659 422 11.621279 423 14.008289 424 16.263401 509 17.738068 510 17.393555
366  4.496 12.45350000 41.07890000 20 213 17.729031 214 11.987827 215 17.232853 216 15.100127 218 17.234003 297 10.434355 298 11.846294 299 7.793322 300 6.708654 301 16.792393 367 9.608037 368 15.485428 418 6.053579 419 9.528900 420 7.397783 421 8.129659 422 7.099265 423 11.373045 424 13.382438 472 17.912359
418  4.972 10.86700000 47.02450000 17 214 17.738394 297 16.183138 298 17.790638 299 13.363379 300 12.413135 366 6.053579 367 12.127770 419 3.495643 420 6.876534 421 7.806220 422 4.431752 423 9.278025 424 10.534208 425 17.094164 471 12.313107 472 12.070720 473 14.310883
419  4.775 10.51620000 50.51250000 14 299 16.820013 300 15.708778 366 9.528900 367 14.223453 418 3.495643 420 8.366270 421 9.167318 422 5.568419 423 9.246330 424 9.758053 425 16.421955 471 8.916326 472 8.661181 473 11.435843
422  4.284 17.37550000 47.24180000 18 297 17.376129 298 17.157261 299 14.857276 300 11.621279 301 16.617397 366 7.099265 367 8.694534 368 14.311473 418 4.431752 419 5.568419 420 2.798914 421 3.631091 423 4.967117 424 6.575205 425 12.868575 471 12.089438 472 11.926576 473 12.522221
471  4.728 14.16630000 59.18110000 10 418 12.313107 419 8.916326 420 14.188153 421 14.543518 422 12.089438 423 12.151137 424 10.815844 425 15.507123 472 0.298400 473 4.765924
472  4.957 13.75070000 58.97270000 11 366 17.912359 418 12.070720 419 8.661181 420 14.062285 421 14.434442 422 11.926576 423 12.103632 424 10.816313 425 15.614835 471 0.298400 473 4.999755
1  4.709 28.38900000 3.18753000 10 2 6.530165 3 3.797910 4 2.161779 77 16.730515 78 13.439728 79 6.305170 80 7.441534 81 10.090100 146 13.317750 509 17.621649
2  4.995 22.54630000 6.14382000 11 1 6.530165 3 2.873053 4 8.629640 77 10.401178 78 6.981009 79 4.825009 80 10.949788 81 14.559731 146 9.207491 147 15.566607 509 15.784087
3  4.587 25.35790000 5.48761000 11 1 3.797910 2 2.873053 4 5.817086 77 13.267290 78 9.853024 79 3.799333 80 8.519359 81 11.968797 146 10.156307 147 17.162117 509 15.634512
4  4.100 30.51170000 2.76374000 8 1 2.161779 2 8.629640 3 5.817086 78 15.574458 79 7.616444 80 6.664618 81 8.638316 146 14.662721
79  4.368 26.34850000 9.15775000 14 1 6.305170 2 4.825009 3 3.799333 4 7.616444 77 14.113499 78 10.571091 80 6.823471 81 10.587772 146 7.058901 147 14.417827 215 17.170471 217 14.746010 509 11.845690 510 15.223596
80  4.453 33.25000000 8.84673000 11 1 7.441534 2 10.949788 3 8.519359 4 6.664618 78 17.352352 79 6.823471 81 3.766535 146 12.045533 217 15.183583 509 12.785072 510 14.682471
146  3.712 22.87090000 15.34580000 18 1 13.317750 2 9.207491 3 10.156307 4 14.662721 77 13.038383 78 10.215194 79 7.058901 80 12.045533 81 15.470168 147 7.414107 213 11.416560 215 10.131653 216 12.240864 217 10.335526 218 15.075837 298 15.430432 509 7.691401 510 11.684301
215  4.786 18.43730000 24.58370000 21 78 16.892069 79 17.170471 146 10.131653 147 3.588193 213 3.953646 214 9.153210 216 2.972619 217 10.128413 218 10.073586 297 9.864136 298 5.525380 299 12.163738 300 11.070834 301 15.931324 302 16.788761 303 16.645523 366 17.232853 367 16.948725 368 17.655607 509 10.077423 510 12.245244
216  4.753 19.86660000 27.26410000 19 146 12.240864 147 6.491629 213 6.330120 214 9.232597 215 2.972619 217 9.422798 218 7.742627 297 9.474989 298 3.303581 299 11.206617 300 8.609620 301 13.191432 302 14.175589 303 14.066616 366 15.100127 367 14.007528 368 14.769735 509 10.233742 510 11.420979
217  4.802 29.48220000 23.59610000 18 79 14.746010 80 15.183583 81 16.777149 146 10.335526 147 11.045713 213 13.915321 215 10.128413 216 9.422798 218 6.079880 298 12.182243 300 15.919726 301 11.667526 302 11.418221 303 11.092986 367 17.367653 368 14.440457 509 2.912940 510 2.122743
218  3.457 28.27050000 29.57880000 21 146 15.075837 147 12.696444 213 13.922097 214 16.209597 215 10.073586 216 7.742627 217 6.079880 297 15.966058 298 8.994409 299 16.709915 300 10.936989 301 6.429288 302 6.886815 303 6.689199 366 17.234003 367 11.289463 368 8.875961 420 17.053930 421 16.598158 509 8.774667 510 6.879087
301  3.017 32.38590000 34.98730000 19 215 15.931324 216 13.191432 217 11.667526 218 6.429288 298 13.129348 300 12.207695 302 1.723505 303 1.966705 366 16.792393 367 7.994075 368 2.879642 420 13.834128 421 13.111568 422 16.617397 423 14.834446 424 16.386871 425 15.568703 509 14.570875 510 11.536037
302  4.933 34.26350000 34.22420000 17 215 16.788761 216 14.175589 217 11.418221 218 6.886815 298 14.425710 300 13.853168 301 1.723505 303 0.380840 367 9.625002 368 4.025975 420 15.383777 421 14.628759 423 16.127211 424 17.551769 425 16.130745 509 14.327202 510 10.975634
303  3.999 34.32860000 33.84720000 17 215 16.645523 216 14.066616 217 11.092986 218 6.689199 298 14.404141 300 13.980081 301 1.966705 302 0.380840 367 9.928308 368 4.392136 420 15.713141 421 14.965092 423 16.494259 424 17.927389 425 16.501902 509 13.999237 510 10.618901
509  2.640 28.56980000 20.80830000 21 1 17.621649 2 15.784087 3 15.634512 78 17.906593 79 11.845690 80 12.785072 81 14.809421 146 7.691401 147 10.001225 213 13.467224 215 10.077423 216 10.233742 217 2.912940 218 8.774667 298 13.353409 300 17.738068 301 14.570875 302 14.327202 303 13.999237 368 17.325701 510 3.994635
510  2.000 31.79290000 23.46280000 17 79 15.223596 80 14.682471 81 15.822365 146 11.684301 147 13.113166 213 16.037872 215 12.245244 216 11.420979 217 2.122743 218 6.879087 298 14.034402 300 17.393555 301 11.536037 302 10.975634 303 10.618901 368 14.399052 509 3.994635
367  4.942 25.14510000 40.57700000 22 214 16.936670 215 16.948725 216 14.007528 217 17.367653 218 11.289463 297 15.738712 298 12.021453 299 14.396034 300 7.830221 301 7.994075 302 9.625002 303 9.928308 366 9.608037 368 6.047542 418 12.127770 419 14.223453 420 5.966194 421 5.375746 422 8.694534 423 8.064282 424 10.125875 425 12.484531
368  4.804 32.12190000 37.85910000 19 215 17.655607 216 14.769735 217 14.440457 218 8.875961 298 14.086990 300 11.968706 301 2.879642 302 4.025975 303 4.392136 366 15.485428 367 6.047542 420 11.513034 421 10.715559 422 14.311473 423 12.102124 424 13.565399 425 12.789627 509 17.325701 510 14.399052
420  4.988 20.58510000 45.52880000 21 218 17.053930 297 16.892729 298 15.580195 299 14.668298 300 10.191086 301 13.834128 302 15.383777 303 15.713141 366 7.397783 367 5.966194 368 11.513034 418 6.876534 419 8.366270 421 0.939994 422 2.798914 423 4.086304 424 6.264627 425 11.590988 471 14.188153 472 14.062285 473 13.813592
421  4.874 21.91410000 45.40670000 21 218 16.598158 297 17.331385 298 15.634680 299 15.204869 300 10.357659 301 13.111568 302 14.628759 303 14.965092 366 8.129659 367 5.375746 368 10.715559 418 7.806220 419 9.167318 420 0.939994 422 3.631091 423 3.671206 424 5.918487 425 10.853389 471 14.543518 472 14.434442 473 13.857537
423  3.719 24.49810000 48.62820000 17 300 14.008289 301 14.834446 302 16.127211 303 16.494259 366 11.373045 367 8.064282 368 12.102124 418 9.278025 419 9.246330 420 4.086304 421 3.671206 422 4.967117 424 2.255371 425 7.905628 471 12.151137 472 12.103632 473 10.620316
424  4.011 25.91520000 50.68870000 17 300 16.263401 301 16.386871 302 17.551769 303 17.927389 366 13.382438 367 10.125875 368 13.565399 418 10.534208 419 9.758053 420 6.264627 421 5.918487 422 6.575205 423 2.255371 425 6.682179 471 10.815844 472 10.816313 473 8.655196
473  4.791 23.48280000 59.23200000 10 418 14.310883 419 11.435843 420 13.813592 421 13.857537 422 12.522221 423 10.620316 424 8.655196 425 11.611521 471 4.765924 472 4.999755
81  4.261 37.03980000 8.46007000 10 1 10.090100 2 14.559731 3 11.968797 4 8.638316 79 10.587772 80 3.766535 146 15.470168 217 16.777149 509 14.809421 510 15.822365
425  4.895 36.40590000 50.27860000 15 301 15.568703 302 16.130745 303 16.501902 367 12.484531 368 12.789627 418 17.094164 419 16.421955 420 11.590988 421 10.853389 422 12.868575 423 7.905628 424 6.682179 471 15.507123 472 15.614835 473 11.611521
 
